# Hugoniot_Up,Hugoniot_Us_filt,Hugoniot_Us_std_filt
5.275000000000000355e+00 2.209097188655971156e+00 1.987882032514358410e-01
5.824999999999999289e+00 2.568695488315458686e+00 1.945788230306473576e-01
6.375000000000000000e+00 2.930274223084006646e+00 1.905351949849780901e-01
6.925000000000000711e+00 3.293833392961614592e+00 1.866573191144280108e-01
7.474999999999999645e+00 3.659372997948282524e+00 1.829451954189971474e-01
8.025000000000000355e+00 4.026893038044010886e+00 1.793988238986854999e-01
8.575000000000001066e+00 4.396393513248798790e+00 1.760182045534930684e-01
9.125000000000000000e+00 4.767874423562647124e+00 1.728033373834198250e-01
9.675000000000000711e+00 5.141335768985554999e+00 1.697542223884657975e-01
1.022499999999999964e+01 5.516777549517523305e+00 1.668708595686309581e-01
1.077500000000000036e+01 5.894199765158552040e+00 1.641532489239153347e-01
1.132500000000000107e+01 6.273602415908641206e+00 1.616013904543189272e-01
1.187500000000000000e+01 6.654985501767789913e+00 1.592152841598417357e-01
1.242500000000000071e+01 7.038349022735998162e+00 1.569949300404837322e-01
1.297500000000000142e+01 7.423692978813267729e+00 1.549403280962449447e-01
1.352500000000000036e+01 7.811017369999595061e+00 1.530514783271253454e-01
1.407500000000000107e+01 8.200322196294985488e+00 1.513283807331249897e-01
1.462500000000000000e+01 8.591607457699433681e+00 1.497710353142437945e-01
1.517500000000000071e+01 8.984873154212943192e+00 1.483794420704818429e-01
1.572500000000000142e+01 9.380119285835512244e+00 1.471536010018390794e-01
1.627499999999999858e+01 9.777345852567140838e+00 1.460935121083155319e-01
1.682500000000000284e+01 1.017655285440783075e+01 1.451991753899112003e-01
1.737500000000000000e+01 1.057774029135758020e+01 1.444705908466260569e-01
1.792500000000000071e+01 1.098090816341638920e+01 1.439077584784601294e-01
1.847500000000000142e+01 1.138605647058425951e+01 1.435106782854134178e-01
1.902499999999999858e+01 1.179318521286095844e+01 1.432793502674831465e-01
1.957500000000000284e+01 1.219131797429244202e+01 1.493870262883617572e-01
2.012500000000000000e+01 1.259804937942345937e+01 1.509792297388751481e-01
2.067500000000000426e+01 1.300956685034974747e+01 1.522242119642613079e-01
2.122500000000000142e+01 1.342499475063364400e+01 1.533204884623773634e-01
2.177499999999999858e+01 1.384368321388201295e+01 1.543145712030395966e-01
2.232500000000000284e+01 1.426548983162282447e+01 1.552429942314095812e-01
2.287500000000000000e+01 1.468996627848180836e+01 1.561944024907034601e-01
2.342500000000000426e+01 1.511692319484589575e+01 1.572241926091058062e-01
2.397500000000000142e+01 1.554600400859543363e+01 1.582339543959867256e-01
2.452499999999999858e+01 1.597695379886095957e+01 1.592350360483017757e-01
2.507500000000000284e+01 1.640977921971859388e+01 1.602384397574925790e-01
2.562500000000000000e+01 1.684413548289709439e+01 1.612735030666989644e-01
2.617500000000000426e+01 1.727994887022835968e+01 1.622672555508535563e-01
2.672500000000000142e+01 1.771698788367343980e+01 1.632517740376371873e-01
2.727499999999999858e+01 1.815523221143255128e+01 1.642709225219717573e-01
2.782500000000000284e+01 1.859453102492695820e+01 1.652978004635303755e-01
2.837500000000000000e+01 1.903476869589703924e+01 1.662968432734255320e-01
2.892500000000000426e+01 1.947578202263331093e+01 1.673148282148636534e-01
2.947500000000000142e+01 1.991734824652533220e+01 1.683455914571180823e-01
3.002500000000000213e+01 2.035960587103994968e+01 1.693168545530104596e-01
3.057500000000000284e+01 2.080238597822782509e+01 1.703521894240773715e-01
3.112500000000000000e+01 2.124561305090604080e+01 1.713299094648783882e-01
3.167500000000000426e+01 2.168910600065820660e+01 1.723949310776713983e-01
3.222500000000000142e+01 2.213304549004926614e+01 1.733956110857897415e-01
3.277499999999999858e+01 2.257727470857403418e+01 1.744236737949926286e-01
3.332500000000000284e+01 2.302161536890947957e+01 1.755004823116309842e-01
3.387500000000000000e+01 2.346623737712020841e+01 1.764657759039990892e-01
3.442500000000000426e+01 2.391094554543472839e+01 1.775626749066530341e-01
3.497500000000000142e+01 2.435593045476199237e+01 1.786134727715237014e-01
3.552500000000000568e+01 2.480103705601425901e+01 1.796665991968302845e-01
3.607500000000000284e+01 2.524627759394527615e+01 1.808145999667450377e-01
3.662500000000000000e+01 2.569164504573661745e+01 1.818110054533890185e-01
3.717500000000000426e+01 2.613710130951654875e+01 1.827897670558689125e-01
3.772500000000000142e+01 2.658276801475773254e+01 1.838708193720265394e-01
3.827500000000000568e+01 2.702827321162291341e+01 1.849506710426675471e-01
3.882500000000000284e+01 2.747387348769849780e+01 1.859965541478466322e-01
3.937500000000000000e+01 2.791941556552555070e+01 1.871205019364453881e-01
3.992500000000000426e+01 2.836491736322892621e+01 1.881325636434522108e-01
4.047500000000000142e+01 2.881035118717003485e+01 1.892734455983803021e-01
4.102500000000000568e+01 2.925587611092370466e+01 1.903562158246374092e-01
4.157500000000000284e+01 2.970155570647057175e+01 1.914889421795001601e-01
4.212500000000000000e+01 3.014734969956993282e+01 1.927158022810699090e-01
4.267500000000000426e+01 3.059303716272173546e+01 1.939706065544802294e-01
4.322500000000000142e+01 3.103878352873953261e+01 1.950831586492845215e-01
4.377500000000000568e+01 3.148454255577901861e+01 1.962747800883720972e-01
4.432500000000000284e+01 3.193038503653373539e+01 1.974457765513976670e-01
4.487500000000000000e+01 3.237602089494004787e+01 1.987868058187052811e-01
4.542500000000000426e+01 3.282161364175959761e+01 1.999521343756871794e-01
4.597500000000000142e+01 3.326746816425398379e+01 2.012806753857960818e-01
4.652500000000000568e+01 3.371301827522133721e+01 2.025049339033254403e-01
4.707500000000000284e+01 3.415859056619883916e+01 2.037380558644881490e-01
4.762500000000000000e+01 3.460418503718717886e+01 2.049800412692881213e-01
4.817500000000000426e+01 3.504980168818634212e+01 2.062308901177253850e-01
4.872500000000000142e+01 3.549544051919632892e+01 2.074906024097999124e-01
4.927500000000000568e+01 3.594110153021713927e+01 2.087591781455117312e-01
4.982500000000000284e+01 3.638678472124878738e+01 2.100366173248608415e-01
5.037500000000000000e+01 3.683249009229125193e+01 2.113229199478472431e-01
5.092500000000000426e+01 3.727821764334454713e+01 2.126180860144709084e-01
5.147500000000000853e+01 3.772396737440867298e+01 2.139221155247318373e-01
5.202500000000000568e+01 3.816973928548361528e+01 2.152350084786300854e-01
5.257500000000000284e+01 3.861553337656938822e+01 2.165567648761655972e-01
5.312500000000000000e+01 3.906134964766599182e+01 2.178873847173384004e-01
5.367500000000000426e+01 3.950718809877342608e+01 2.192268680021484950e-01
5.422500000000000853e+01 3.995304872989167677e+01 2.205752147305958533e-01
5.477500000000000568e+01 4.039893154102075812e+01 2.219324249026805029e-01
5.532500000000000284e+01 4.084483653216067012e+01 2.232984985184024440e-01
5.587500000000000000e+01 4.129076370331139856e+01 2.246734355777616488e-01
5.642500000000000426e+01 4.173671305447296476e+01 2.260572360807581449e-01
5.697500000000000853e+01 4.218268458564534740e+01 2.274499000273919047e-01
5.752500000000000568e+01 4.262867829682856780e+01 2.288514274176629837e-01
5.807500000000000284e+01 4.307469418802260464e+01 2.302618182515713263e-01
5.862500000000000000e+01 4.352073225922747923e+01 2.316810725291169326e-01
5.917500000000000426e+01 4.396679251044317027e+01 2.331091902502998581e-01
5.972500000000000142e+01 4.441287494166969907e+01 2.345461714151200472e-01
