# Shock hugoniot for sesame material number 7361
#   fused quartz (z=10.0, a=20.028) -   2.204 - 301                                                   
# Polar curve for this state :
#   rho(g/cm3) =  2.20399400E+00
#   P(Mbar)    =  1.55551218E-05
#   T(eV)      =  2.58509263E-02
#   E(KJ/g)    =  1.51158805E-03

#R(g/cm3) P-P0(Mbar) E(KJ/g) T(eV) Us(km/s) Up(km/s) 
+2.20763562E+00 +5.00000008E-04 +1.53088089E-03 +2.58719947E-02 +3.65033911E+00 +6.02144545E-03
+2.35248545E+00 +2.05195208E-02 +3.09171994E-02 +2.64918538E-02 +3.83907393E+00 +2.42326541E-01
+2.49143642E+00 +4.05390414E-02 +1.07656850E-01 +2.74342731E-02 +3.99206561E+00 +4.60573262E-01
+2.62406045E+00 +6.05585629E-02 +2.21495438E-01 +2.96053359E-02 +4.14242557E+00 +6.63130298E-01
+4.40131145E+00 +8.05780795E-02 +9.14301425E-01 +1.30116329E-02 +2.70586408E+00 +1.35087972E+00
+4.42723099E+00 +1.00597598E-01 +1.14773103E+00 +1.30116329E-02 +3.01458986E+00 +1.51384640E+00
+4.43961424E+00 +1.20617118E-01 +1.37960008E+00 +3.17221330E-02 +3.29643764E+00 +1.65996015E+00
+4.44701148E+00 +1.40636640E-01 +1.61093492E+00 +5.25624318E-02 +3.55662285E+00 +1.79391649E+00
+4.45564719E+00 +1.60656165E-01 +1.84351138E+00 +7.08109612E-02 +3.79775650E+00 +1.91918933E+00
+4.46474057E+00 +1.80675691E-01 +2.07715244E+00 +8.81555196E-02 +4.02344563E+00 +2.03729438E+00
+4.47402856E+00 +2.00695196E-01 +2.31178744E+00 +1.05067791E-01 +4.23623061E+00 +2.14938054E+00
+4.48340386E+00 +2.20714715E-01 +2.54738011E+00 +1.21752829E-01 +4.43800570E+00 +2.25632896E+00
+4.49281694E+00 +2.40734235E-01 +2.78390731E+00 +1.38299922E-01 +4.63023417E+00 +2.35882884E+00
+4.50222364E+00 +2.60753755E-01 +3.02134068E+00 +1.54778902E-01 +4.81408716E+00 +2.45742519E+00
+4.51154842E+00 +2.80773275E-01 +3.25962081E+00 +1.71251693E-01 +4.99053935E+00 +2.55254739E+00
+4.52073118E+00 +3.00792794E-01 +3.49868752E+00 +1.87782105E-01 +5.16039847E+00 +2.64454720E+00
+4.52974217E+00 +3.20812314E-01 +3.73849257E+00 +2.04403690E-01 +5.32433263E+00 +2.73372223E+00
+4.53854323E+00 +3.40831833E-01 +3.97897350E+00 +2.21178552E-01 +5.48291711E+00 +2.82031905E+00
+4.54710767E+00 +3.60851353E-01 +4.22007619E+00 +2.38144835E-01 +5.63664319E+00 +2.90454871E+00
+4.55541444E+00 +3.80870906E-01 +4.46174357E+00 +2.55378888E-01 +5.78593605E+00 +2.98659287E+00
+4.56344864E+00 +4.00890411E-01 +4.70392179E+00 +2.72892475E-01 +5.93116453E+00 +3.06660922E+00
+4.57113678E+00 +4.20909914E-01 +4.94649635E+00 +2.90705672E-01 +6.07269165E+00 +3.14471627E+00
+4.57844861E+00 +4.40929461E-01 +5.18938653E+00 +3.08881325E-01 +6.21081982E+00 +3.22102769E+00
+4.58536293E+00 +4.60948980E-01 +5.43251421E+00 +3.27466852E-01 +6.34581509E+00 +3.29564467E+00
+4.59189718E+00 +4.80968498E-01 +5.67584406E+00 +3.46482757E-01 +6.47789359E+00 +3.36866922E+00
+4.59804555E+00 +5.00988015E-01 +5.91931593E+00 +3.65954867E-01 +6.60726321E+00 +3.44018530E+00
+4.60379506E+00 +5.21007531E-01 +6.16286006E+00 +3.85906409E-01 +6.73411741E+00 +3.51026531E+00
+4.60911859E+00 +5.41027047E-01 +6.40638731E+00 +4.06364462E-01 +6.85864292E+00 +3.57896861E+00
+4.61401338E+00 +5.61046563E-01 +6.64983570E+00 +4.27339349E-01 +6.98099595E+00 +3.64635603E+00
+4.61846366E+00 +5.81066079E-01 +6.89312529E+00 +4.48858655E-01 +7.10132900E+00 +3.71247771E+00
+4.62247494E+00 +6.01085595E-01 +7.13620345E+00 +4.70920839E-01 +7.21976871E+00 +3.77738619E+00
+4.62606170E+00 +6.21105113E-01 +7.37903166E+00 +4.93553949E-01 +7.33642498E+00 +3.84113294E+00
+4.62941285E+00 +6.41124631E-01 +7.62183494E+00 +5.16760174E-01 +7.45127069E+00 +3.90383251E+00
+4.63243611E+00 +6.61144146E-01 +7.86443881E+00 +5.40549491E-01 +7.56447178E+00 +3.96549059E+00
+4.63483692E+00 +6.81163628E-01 +8.10633146E+00 +5.64911250E-01 +7.67634249E+00 +4.02602791E+00
+4.63666525E+00 +7.01183137E-01 +8.34751038E+00 +5.89849593E-01 +7.78694075E+00 +4.08549375E+00
+4.63492408E+00 +7.21202689E-01 +8.58287106E+00 +6.13600407E-01 +7.89866800E+00 +4.14270208E+00
+4.62706913E+00 +7.41222153E-01 +8.80749682E+00 +6.31754535E-01 +8.01371675E+00 +4.19657395E+00
+4.61551769E+00 +7.61241742E-01 +9.02474432E+00 +6.44325844E-01 +8.13047839E+00 +4.24802645E+00
+4.60245086E+00 +7.81261263E-01 +9.23800842E+00 +6.52522119E-01 +8.24740350E+00 +4.29793649E+00
+4.59234577E+00 +8.01280781E-01 +9.45553006E+00 +6.60283558E-01 +8.36086262E+00 +4.34825295E+00
+4.58478052E+00 +8.21300325E-01 +9.67697327E+00 +6.67810738E-01 +8.47111794E+00 +4.39888525E+00
+4.57953385E+00 +8.41319830E-01 +9.90229993E+00 +6.74970584E-01 +8.57829191E+00 +4.44981410E+00
+4.57588909E+00 +8.61339339E-01 +1.01303977E+01 +6.81348950E-01 +8.68296444E+00 +4.50078233E+00
+4.57447434E+00 +8.81358860E-01 +1.03628337E+01 +6.88616086E-01 +8.78455508E+00 +4.55213289E+00
+4.57802678E+00 +9.01378409E-01 +1.06058261E+01 +7.03152619E-01 +8.88056164E+00 +4.60520339E+00
+4.58455989E+00 +9.21397983E-01 +1.08556840E+01 +7.20661506E-01 +8.97270689E+00 +4.65914296E+00
+4.59205977E+00 +9.41417426E-01 +1.11082804E+01 +7.37863291E-01 +9.06281154E+00 +4.71304623E+00
+4.59988438E+00 +9.61436948E-01 +1.13622728E+01 +7.54015254E-01 +9.15148712E+00 +4.76663284E+00
+4.60786035E+00 +9.81456470E-01 +1.16172951E+01 +7.69326399E-01 +9.23892349E+00 +4.81983733E+00
+4.61578473E+00 +1.00147599E+00 +1.18728842E+01 +7.83691356E-01 +9.32533961E+00 +4.87257724E+00
+4.62480836E+00 +1.02149556E+00 +1.21317802E+01 +7.98197741E-01 +9.40970176E+00 +4.92542379E+00
+4.63590121E+00 +1.04151503E+00 +1.23964516E+01 +8.14417050E-01 +9.49112972E+00 +4.97886942E+00
+4.64759302E+00 +1.06153455E+00 +1.26635003E+01 +8.33325538E-01 +9.57100966E+00 +5.03221985E+00
+4.65942533E+00 +1.08155407E+00 +1.29318382E+01 +8.55206724E-01 +9.64979466E+00 +5.08526406E+00
+4.67123258E+00 +1.10157359E+00 +1.32010541E+01 +8.79893854E-01 +9.72766618E+00 +5.13793156E+00
+4.68294694E+00 +1.12159311E+00 +1.34709652E+01 +9.06943840E-01 +9.80471395E+00 +5.19019856E+00
+4.69454020E+00 +1.14161263E+00 +1.37414815E+01 +9.35774994E-01 +9.88098976E+00 +5.24206002E+00
+4.70603486E+00 +1.16163215E+00 +1.40126447E+01 +9.65369907E-01 +9.95649707E+00 +5.29353548E+00
+4.71740588E+00 +1.18165167E+00 +1.42843714E+01 +9.94519345E-01 +1.00312826E+01 +5.34462062E+00
+4.72861601E+00 +1.20167118E+00 +1.45565435E+01 +1.02246970E+00 +1.01054033E+01 +5.39530458E+00
+4.73966625E+00 +1.22169081E+00 +1.48291426E+01 +1.04871869E+00 +1.01788803E+01 +5.44559530E+00
+4.75055908E+00 +1.24171032E+00 +1.51021527E+01 +1.07296901E+00 +1.02517308E+01 +5.49550048E+00
+4.76132651E+00 +1.26172985E+00 +1.53756420E+01 +1.09479459E+00 +1.03239452E+01 +5.54504308E+00
+4.77210462E+00 +1.28174937E+00 +1.56499768E+01 +1.11434969E+00 +1.03954150E+01 +5.59429807E+00
+4.78287106E+00 +1.30176889E+00 +1.59250889E+01 +1.13272697E+00 +1.04661791E+01 +5.64326089E+00
+4.79362622E+00 +1.32178841E+00 +1.62009728E+01 +1.15008623E+00 +1.05362544E+01 +5.69193815E+00
+4.80437051E+00 +1.34180793E+00 +1.64776233E+01 +1.16655989E+00 +1.06056572E+01 +5.74033618E+00
+4.81510426E+00 +1.36182746E+00 +1.67550351E+01 +1.18225590E+00 +1.06744031E+01 +5.78846107E+00
+4.82582781E+00 +1.38184698E+00 +1.70332028E+01 +1.19726012E+00 +1.07425073E+01 +5.83631867E+00
+4.83654146E+00 +1.40186650E+00 +1.73121214E+01 +1.21163840E+00 +1.08099844E+01 +5.88391462E+00
+4.84724548E+00 +1.42188602E+00 +1.75917855E+01 +1.22543826E+00 +1.08768485E+01 +5.93125434E+00
+4.85794013E+00 +1.44190554E+00 +1.78721899E+01 +1.23869034E+00 +1.09431131E+01 +5.97834304E+00
+4.86862565E+00 +1.46192506E+00 +1.81533295E+01 +1.25140962E+00 +1.10087914E+01 +6.02518575E+00
+4.87930226E+00 +1.48194458E+00 +1.84351993E+01 +1.26359638E+00 +1.10738961E+01 +6.07178734E+00
+4.88997021E+00 +1.50196410E+00 +1.87177930E+01 +1.27523704E+00 +1.11384395E+01 +6.11815249E+00
+4.90062962E+00 +1.52198362E+00 +1.90011078E+01 +1.28630498E+00 +1.12024335E+01 +6.16428570E+00
+4.91128073E+00 +1.54200314E+00 +1.92851377E+01 +1.29676080E+00 +1.12658895E+01 +6.21019134E+00
+4.92192373E+00 +1.56202265E+00 +1.95698779E+01 +1.30655298E+00 +1.13288187E+01 +6.25587367E+00
+4.93255883E+00 +1.58204217E+00 +1.98553234E+01 +1.31561814E+00 +1.13912317E+01 +6.30133677E+00
+4.94318624E+00 +1.60206169E+00 +2.01414698E+01 +1.32388122E+00 +1.14531391E+01 +6.34658462E+00
+4.95387602E+00 +1.62208122E+00 +2.04285432E+01 +1.33022714E+00 +1.15144858E+01 +6.39165721E+00
+4.96469097E+00 +1.64210074E+00 +2.07167533E+01 +1.33394657E+00 +1.15752233E+01 +6.43659074E+00
+4.97559621E+00 +1.66212026E+00 +2.10059874E+01 +1.33587953E+00 +1.16353942E+01 +6.48137084E+00
+4.98657192E+00 +1.68213978E+00 +2.12961816E+01 +1.33648361E+00 +1.16950264E+01 +6.52599072E+00
+4.99760516E+00 +1.70215929E+00 +2.15872921E+01 +1.33601423E+00 +1.17541412E+01 +6.57044705E+00
+5.00867685E+00 +1.72217881E+00 +2.18792528E+01 +1.33477165E+00 +1.18127655E+01 +6.61473314E+00
+5.01977174E+00 +1.74219832E+00 +2.21720093E+01 +1.33295531E+00 +1.18709220E+01 +6.65884420E+00
+5.03087759E+00 +1.76221783E+00 +2.24655158E+01 +1.33070066E+00 +1.19286305E+01 +6.70277687E+00
+5.04198446E+00 +1.78223734E+00 +2.27597338E+01 +1.32810306E+00 +1.19859084E+01 +6.74652889E+00
+5.05308428E+00 +1.80225685E+00 +2.30546299E+01 +1.32523159E+00 +1.20427710E+01 +6.79009889E+00
+5.06417043E+00 +1.82227636E+00 +2.33501756E+01 +1.32213753E+00 +1.20992321E+01 +6.83348614E+00
+5.07523746E+00 +1.84229586E+00 +2.36463458E+01 +1.31885975E+00 +1.21553040E+01 +6.87669048E+00
+5.08628091E+00 +1.86231537E+00 +2.39431187E+01 +1.31542828E+00 +1.22109981E+01 +6.91971216E+00
+5.09729711E+00 +1.88233488E+00 +2.42404749E+01 +1.31186663E+00 +1.22663246E+01 +6.96255179E+00
+5.10828306E+00 +1.90235438E+00 +2.45383971E+01 +1.30819352E+00 +1.23212931E+01 +7.00521024E+00
+5.11923636E+00 +1.92237395E+00 +2.48368703E+01 +1.30442402E+00 +1.23759126E+01 +7.04768878E+00
+5.13015489E+00 +1.94239342E+00 +2.51358794E+01 +1.30057040E+00 +1.24301908E+01 +7.08998829E+00
+5.14103719E+00 +1.96241294E+00 +2.54354137E+01 +1.29664276E+00 +1.24841357E+01 +7.13211058E+00
+5.15188199E+00 +1.98243246E+00 +2.57354612E+01 +1.29264948E+00 +1.25377543E+01 +7.17405708E+00
+5.16268835E+00 +2.00245198E+00 +2.60360118E+01 +1.28859759E+00 +1.25910535E+01 +7.21582947E+00
+5.17345560E+00 +2.02247150E+00 +2.63370563E+01 +1.28449302E+00 +1.26440393E+01 +7.25742948E+00
+5.18422728E+00 +2.04249102E+00 +2.66387537E+01 +1.28027115E+00 +1.26966780E+01 +7.29888186E+00
+5.19515126E+00 +2.06251054E+00 +2.69416654E+01 +1.27536900E+00 +1.27488415E+01 +7.34026555E+00
+5.20610928E+00 +2.08253006E+00 +2.72453426E+01 +1.26983215E+00 +1.28006426E+01 +7.38152094E+00
+5.21706024E+00 +2.10254958E+00 +2.75496247E+01 +1.26383410E+00 +1.28521237E+01 +7.42262853E+00
+5.22798682E+00 +2.12256910E+00 +2.78544402E+01 +1.25751208E+00 +1.29033057E+01 +7.46358115E+00
+5.23888025E+00 +2.14258862E+00 +2.81597491E+01 +1.25097531E+00 +1.29542014E+01 +7.50437607E+00
+5.24973568E+00 +2.16260814E+00 +2.84655267E+01 +1.24431099E+00 +1.30048197E+01 +7.54501253E+00
+5.26054605E+00 +2.18262766E+00 +2.87717391E+01 +1.23758742E+00 +1.30551718E+01 +7.58548861E+00
+5.27129055E+00 +2.20264718E+00 +2.90782972E+01 +1.23086524E+00 +1.31052806E+01 +7.62579519E+00
+5.28197980E+00 +2.22266670E+00 +2.93852356E+01 +1.22418928E+00 +1.31551411E+01 +7.66593947E+00
+5.29262556E+00 +2.24268622E+00 +2.96925948E+01 +1.21759138E+00 +1.32047468E+01 +7.70592920E+00
+5.30323634E+00 +2.26270574E+00 +3.00004025E+01 +1.21109515E+00 +1.32540946E+01 +7.74577040E+00
+5.31381809E+00 +2.28272526E+00 +3.03086774E+01 +1.20471770E+00 +1.33031831E+01 +7.78546773E+00
+5.32437477E+00 +2.30274478E+00 +3.06174294E+01 +1.19847094E+00 +1.33520129E+01 +7.82502476E+00
+5.33490878E+00 +2.32276450E+00 +3.09266680E+01 +1.19236242E+00 +1.34005865E+01 +7.86444457E+00
+5.34542098E+00 +2.34278402E+00 +3.12363858E+01 +1.18639654E+00 +1.34489058E+01 +7.90372840E+00
+5.35591148E+00 +2.36280353E+00 +3.15465812E+01 +1.18057471E+00 +1.34969752E+01 +7.94287808E+00
+5.36637209E+00 +2.38282305E+00 +3.18572159E+01 +1.17486302E+00 +1.35448054E+01 +7.98189077E+00
+5.37681343E+00 +2.40284257E+00 +3.21683291E+01 +1.16920625E+00 +1.35923909E+01 +8.02077334E+00
+5.38718212E+00 +2.42286208E+00 +3.24796933E+01 +1.16375821E+00 +1.36397819E+01 +8.05949950E+00
+5.39750417E+00 +2.44288160E+00 +3.27914106E+01 +1.15844616E+00 +1.36869589E+01 +8.09808407E+00
+5.40778528E+00 +2.46290112E+00 +3.31034985E+01 +1.15327538E+00 +1.37339204E+01 +8.13653131E+00
+5.41802266E+00 +2.48292063E+00 +3.34159416E+01 +1.14825960E+00 +1.37806718E+01 +8.17484107E+00
+5.42821262E+00 +2.50294015E+00 +3.37287181E+01 +1.14341457E+00 +1.38272197E+01 +8.21301270E+00
+5.43835035E+00 +2.52295966E+00 +3.40418014E+01 +1.13875838E+00 +1.38735712E+01 +8.25104496E+00
+5.44842969E+00 +2.54297918E+00 +3.43551586E+01 +1.13431192E+00 +1.39197348E+01 +8.28893587E+00
+5.45844264E+00 +2.56299869E+00 +3.46687516E+01 +1.13009947E+00 +1.39657201E+01 +8.32668252E+00
+5.46837891E+00 +2.58301820E+00 +3.49825274E+01 +1.12614957E+00 +1.40115390E+01 +8.36428077E+00
+5.47822466E+00 +2.60303771E+00 +3.52964221E+01 +1.12249602E+00 +1.40572061E+01 +8.40172466E+00
+5.48796097E+00 +2.62305722E+00 +3.56103395E+01 +1.11917964E+00 +1.41027403E+01 +8.43900558E+00
+5.49756004E+00 +2.64307673E+00 +3.59241560E+01 +1.11625048E+00 +1.41481679E+01 +8.47611033E+00
+5.50698929E+00 +2.66309624E+00 +3.62377156E+01 +1.11373834E+00 +1.41935194E+01 +8.51302325E+00
+5.51632099E+00 +2.68311575E+00 +3.65513263E+01 +1.11151825E+00 +1.42387349E+01 +8.54978273E+00
+5.52557042E+00 +2.70313527E+00 +3.68650471E+01 +1.10963971E+00 +1.42838036E+01 +8.58639772E+00
+5.53472511E+00 +2.72315478E+00 +3.71788163E+01 +1.10829904E+00 +1.43287386E+01 +8.62286283E+00
+5.54378200E+00 +2.74317429E+00 +3.74926130E+01 +1.10744199E+00 +1.43735448E+01 +8.65917753E+00
+5.55276221E+00 +2.76319381E+00 +3.78065239E+01 +1.10693986E+00 +1.44182065E+01 +8.69535372E+00
+5.56166366E+00 +2.78321332E+00 +3.81205334E+01 +1.10680612E+00 +1.44627276E+01 +8.73139131E+00
+5.57048368E+00 +2.80323284E+00 +3.84346228E+01 +1.10705617E+00 +1.45071127E+01 +8.76728991E+00
+5.57921875E+00 +2.82325235E+00 +3.87487698E+01 +1.10770763E+00 +1.45513670E+01 +8.80304866E+00
+5.58786416E+00 +2.84327186E+00 +3.90629466E+01 +1.10878070E+00 +1.45954966E+01 +8.83866609E+00
+5.59641340E+00 +2.86329138E+00 +3.93771163E+01 +1.11029852E+00 +1.46395091E+01 +8.87413976E+00
+5.60485695E+00 +2.88331089E+00 +3.96912267E+01 +1.11228761E+00 +1.46834146E+01 +8.90946569E+00
+5.61317967E+00 +2.90333041E+00 +4.00052042E+01 +1.11477820E+00 +1.47272279E+01 +8.94463697E+00
+5.62135489E+00 +2.92334992E+00 +4.03189131E+01 +1.11780431E+00 +1.47709736E+01 +8.97964075E+00
+5.62931546E+00 +2.94336943E+00 +4.06320333E+01 +1.12144466E+00 +1.48147102E+01 +9.01444327E+00
+5.63707490E+00 +2.96338894E+00 +4.09446142E+01 +1.12577663E+00 +1.48584281E+01 +9.04905235E+00
+5.64473892E+00 +2.98340846E+00 +4.12571376E+01 +1.13060201E+00 +1.49020396E+01 +9.08352323E+00
+5.65230927E+00 +3.00342798E+00 +4.15696035E+01 +1.13590988E+00 +1.49455450E+01 +9.11785763E+00
+5.65978703E+00 +3.02344749E+00 +4.18820140E+01 +1.14168967E+00 +1.49889454E+01 +9.15205690E+00
+5.66717280E+00 +3.04346701E+00 +4.21943615E+01 +1.14793094E+00 +1.50322419E+01 +9.18612213E+00
+5.67446638E+00 +3.06348653E+00 +4.25066383E+01 +1.15462348E+00 +1.50754366E+01 +9.22005397E+00
+5.68166670E+00 +3.08350604E+00 +4.28188354E+01 +1.16175728E+00 +1.51185321E+01 +9.25385263E+00
+5.68877196E+00 +3.10352583E+00 +4.31309399E+01 +1.16932244E+00 +1.51615323E+01 +9.28751831E+00
+5.69577896E+00 +3.12354533E+00 +4.34429223E+01 +1.17730879E+00 +1.52044404E+01 +9.32104925E+00
+5.70268367E+00 +3.14356482E+00 +4.37547590E+01 +1.18570637E+00 +1.52472619E+01 +9.35444449E+00
+5.70948048E+00 +3.16358432E+00 +4.40664165E+01 +1.19450499E+00 +1.52900035E+01 +9.38770184E+00
+5.71616229E+00 +3.18360382E+00 +4.43778512E+01 +1.20369412E+00 +1.53326725E+01 +9.42081828E+00
+5.72272001E+00 +3.20362331E+00 +4.46890137E+01 +1.21326293E+00 +1.53752784E+01 +9.45378979E+00
+5.72914255E+00 +3.22364281E+00 +4.49998398E+01 +1.22319993E+00 +1.54178320E+01 +9.48661123E+00
+5.73541629E+00 +3.24366231E+00 +4.53102529E+01 +1.23349289E+00 +1.54603463E+01 +9.51927616E+00
+5.74152467E+00 +3.26368181E+00 +4.56201630E+01 +1.24412875E+00 +1.55028369E+01 +9.55177659E+00
+5.74744786E+00 +3.28370131E+00 +4.59294569E+01 +1.25509310E+00 +1.55453219E+01 +9.58410276E+00
+5.75299577E+00 +3.30372078E+00 +4.62371773E+01 +1.26715944E+00 +1.55879628E+01 +9.61615648E+00
+5.75791762E+00 +3.32374028E+00 +4.65420422E+01 +1.28034094E+00 +1.56309725E+01 +9.64780776E+00
+5.76253251E+00 +3.34375979E+00 +4.68456168E+01 +1.29392429E+00 +1.56740844E+01 +9.67922225E+00
+5.76696584E+00 +3.36377931E+00 +4.71485144E+01 +1.30782892E+00 +1.57171947E+01 +9.71046539E+00
+5.77127923E+00 +3.38379883E+00 +4.74510352E+01 +1.32198742E+00 +1.57602532E+01 +9.74156965E+00
+5.77550832E+00 +3.40381834E+00 +4.77533523E+01 +1.33634599E+00 +1.58032314E+01 +9.77255407E+00
+5.77967572E+00 +3.42383786E+00 +4.80555755E+01 +1.35086169E+00 +1.58461117E+01 +9.80343098E+00
+5.78379681E+00 +3.44385770E+00 +4.83577837E+01 +1.36550010E+00 +1.58888833E+01 +9.83420943E+00
+5.78788243E+00 +3.46387722E+00 +4.86600205E+01 +1.38023238E+00 +1.59315369E+01 +9.86489474E+00
+5.79194090E+00 +3.48389673E+00 +4.89623306E+01 +1.39503511E+00 +1.59740677E+01 +9.89549232E+00
+5.79597871E+00 +3.50391625E+00 +4.92647456E+01 +1.40988820E+00 +1.60164714E+01 +9.92600615E+00
+5.80000120E+00 +3.52393578E+00 +4.95672917E+01 +1.42477430E+00 +1.60587448E+01 +9.95643962E+00
+5.80401296E+00 +3.54395530E+00 +4.98699918E+01 +1.43967811E+00 +1.61008852E+01 +9.98679575E+00
+5.80801814E+00 +3.56397482E+00 +5.01728660E+01 +1.45458586E+00 +1.61428904E+01 +1.00170773E+01
+5.81200377E+00 +3.58399434E+00 +5.04758451E+01 +1.46955850E+00 +1.61847726E+01 +1.00472780E+01
+5.81597216E+00 +3.60401386E+00 +5.07789398E+01 +1.48455766E+00 +1.62265311E+01 +1.00773997E+01
+5.81995208E+00 +3.62403339E+00 +5.10823023E+01 +1.49948265E+00 +1.62681426E+01 +1.01074581E+01
+5.82395450E+00 +3.64405258E+00 +5.13859866E+01 +1.51432001E+00 +1.63095980E+01 +1.01374591E+01
+5.82798819E+00 +3.66407210E+00 +5.16900510E+01 +1.52906024E+00 +1.63508926E+01 +1.01674090E+01
+5.83205920E+00 +3.68409162E+00 +5.19945254E+01 +1.54369794E+00 +1.63920213E+01 +1.01973111E+01
+5.83617031E+00 +3.70411114E+00 +5.22994265E+01 +1.55823596E+00 +1.64329830E+01 +1.02271676E+01
+5.84031869E+00 +3.72413066E+00 +5.26047415E+01 +1.57269212E+00 +1.64737811E+01 +1.02569774E+01
+5.84448994E+00 +3.74415018E+00 +5.29103928E+01 +1.58711437E+00 +1.65144288E+01 +1.02867336E+01
+5.84863792E+00 +3.76417004E+00 +5.32161329E+01 +1.60159649E+00 +1.65549674E+01 +1.03164125E+01
+5.85255813E+00 +3.78418949E+00 +5.35208193E+01 +1.61659523E+00 +1.65955717E+01 +1.03459045E+01
+5.85631541E+00 +3.80420898E+00 +5.38248029E+01 +1.63221858E+00 +1.66361883E+01 +1.03752449E+01
+5.85997465E+00 +3.82422848E+00 +5.41284331E+01 +1.64824805E+00 +1.66767628E+01 +1.04044686E+01
+5.86356056E+00 +3.84424798E+00 +5.44318414E+01 +1.66456950E+00 +1.67172754E+01 +1.04335892E+01
+5.86708818E+00 +3.86426749E+00 +5.47351071E+01 +1.68110832E+00 +1.67577142E+01 +1.04626151E+01
+5.87056831E+00 +3.88428700E+00 +5.50382862E+01 +1.69781039E+00 +1.67980709E+01 +1.04915524E+01
+5.87400918E+00 +3.90430652E+00 +5.53414223E+01 +1.71463439E+00 +1.68383396E+01 +1.05204061E+01
+5.87741735E+00 +3.92432603E+00 +5.56445495E+01 +1.73154774E+00 +1.68785156E+01 +1.05491800E+01
+5.88079809E+00 +3.94434555E+00 +5.59476953E+01 +1.74852425E+00 +1.69185955E+01 +1.05778774E+01
+5.88415572E+00 +3.96436507E+00 +5.62508824E+01 +1.76554258E+00 +1.69585764E+01 +1.06065010E+01
+5.88749379E+00 +3.98438458E+00 +5.65541293E+01 +1.78258517E+00 +1.69984562E+01 +1.06350532E+01
+5.89081527E+00 +4.00440410E+00 +5.68574515E+01 +1.79963746E+00 +1.70382333E+01 +1.06635361E+01
+5.89412262E+00 +4.02442362E+00 +5.71608618E+01 +1.81668732E+00 +1.70779066E+01 +1.06919513E+01
+5.89741790E+00 +4.04444314E+00 +5.74643711E+01 +1.83372460E+00 +1.71174750E+01 +1.07203004E+01
+5.90070283E+00 +4.06446266E+00 +5.77679883E+01 +1.85074079E+00 +1.71569381E+01 +1.07485847E+01
+5.90397888E+00 +4.08448218E+00 +5.80717210E+01 +1.86772872E+00 +1.71962953E+01 +1.07768056E+01
+5.90724725E+00 +4.10450170E+00 +5.83755754E+01 +1.88468238E+00 +1.72355466E+01 +1.08049640E+01
+5.91050897E+00 +4.12452122E+00 +5.86795567E+01 +1.90159672E+00 +1.72746919E+01 +1.08330610E+01
+5.91376488E+00 +4.14454075E+00 +5.89836693E+01 +1.91846753E+00 +1.73137312E+01 +1.08610973E+01
+5.91701567E+00 +4.16456027E+00 +5.92879166E+01 +1.93529127E+00 +1.73526648E+01 +1.08890738E+01
+5.92026194E+00 +4.18457979E+00 +5.95923017E+01 +1.95206506E+00 +1.73914930E+01 +1.09169913E+01
+5.92350415E+00 +4.20459931E+00 +5.98968265E+01 +1.96878648E+00 +1.74302162E+01 +1.09448503E+01
+5.92674268E+00 +4.22461883E+00 +6.02014929E+01 +1.98545361E+00 +1.74688348E+01 +1.09726515E+01
+5.92997782E+00 +4.24463835E+00 +6.05063021E+01 +2.00206492E+00 +1.75073494E+01 +1.10003954E+01
+5.93320980E+00 +4.26465787E+00 +6.08112550E+01 +2.01861923E+00 +1.75457605E+01 +1.10280825E+01
+5.93643877E+00 +4.28467739E+00 +6.11163521E+01 +2.03511567E+00 +1.75840688E+01 +1.10557134E+01
+5.93966484E+00 +4.30469691E+00 +6.14215936E+01 +2.05155362E+00 +1.76222748E+01 +1.10832884E+01
+5.94288807E+00 +4.32471644E+00 +6.17269794E+01 +2.06793273E+00 +1.76603794E+01 +1.11108079E+01
+5.94610847E+00 +4.34473596E+00 +6.20325091E+01 +2.08425285E+00 +1.76983831E+01 +1.11382724E+01
+5.94932600E+00 +4.36475548E+00 +6.23381820E+01 +2.10051402E+00 +1.77362869E+01 +1.11656821E+01
+5.95254062E+00 +4.38477500E+00 +6.26439974E+01 +2.11671646E+00 +1.77740913E+01 +1.11930374E+01
+5.95574877E+00 +4.40479452E+00 +6.29499327E+01 +2.13289938E+00 +1.78118004E+01 +1.12203368E+01
+5.95894547E+00 +4.42481404E+00 +6.32559564E+01 +2.14906659E+00 +1.78494190E+01 +1.12475777E+01
+5.96213074E+00 +4.44483355E+00 +6.35620674E+01 +2.16521566E+00 +1.78869481E+01 +1.12747606E+01
+5.96530462E+00 +4.46485307E+00 +6.38682651E+01 +2.18134705E+00 +1.79243881E+01 +1.13018857E+01
+5.96846716E+00 +4.48487259E+00 +6.41745488E+01 +2.19746114E+00 +1.79617398E+01 +1.13289535E+01
+5.97161841E+00 +4.50489211E+00 +6.44809177E+01 +2.21355831E+00 +1.79990037E+01 +1.13559643E+01
+5.97475841E+00 +4.52491163E+00 +6.47873714E+01 +2.22963889E+00 +1.80361806E+01 +1.13829185E+01
+5.97788724E+00 +4.54493115E+00 +6.50939091E+01 +2.24570321E+00 +1.80732710E+01 +1.14098163E+01
+5.98100495E+00 +4.56495067E+00 +6.54005303E+01 +2.26175151E+00 +1.81102756E+01 +1.14366582E+01
+5.98411160E+00 +4.58497018E+00 +6.57072345E+01 +2.27778405E+00 +1.81471949E+01 +1.14634444E+01
+5.98720727E+00 +4.60498970E+00 +6.60140212E+01 +2.29380102E+00 +1.81840296E+01 +1.14901754E+01
+5.99029204E+00 +4.62500922E+00 +6.63208899E+01 +2.30980258E+00 +1.82207801E+01 +1.15168515E+01
+5.99336598E+00 +4.64502874E+00 +6.66278403E+01 +2.32578886E+00 +1.82574471E+01 +1.15434730E+01
+5.99642918E+00 +4.66504826E+00 +6.69348719E+01 +2.34175994E+00 +1.82940311E+01 +1.15700403E+01
+5.99948175E+00 +4.68506778E+00 +6.72419846E+01 +2.35771587E+00 +1.83305327E+01 +1.15965537E+01
+6.00252379E+00 +4.70508730E+00 +6.75491780E+01 +2.37365665E+00 +1.83669523E+01 +1.16230136E+01
+6.00555540E+00 +4.72510681E+00 +6.78564521E+01 +2.38958223E+00 +1.84032905E+01 +1.16494202E+01
+6.00857671E+00 +4.74512633E+00 +6.81638067E+01 +2.40549254E+00 +1.84395477E+01 +1.16757741E+01
+6.01158786E+00 +4.76514585E+00 +6.84712419E+01 +2.42138744E+00 +1.84757245E+01 +1.17020755E+01
+6.01458898E+00 +4.78516537E+00 +6.87787577E+01 +2.43726674E+00 +1.85118212E+01 +1.17283248E+01
+6.01758024E+00 +4.80518489E+00 +6.90863543E+01 +2.45313023E+00 +1.85478384E+01 +1.17545223E+01
+6.02056182E+00 +4.82520441E+00 +6.93940321E+01 +2.46897761E+00 +1.85837764E+01 +1.17806685E+01
+6.02353389E+00 +4.84522393E+00 +6.97017915E+01 +2.48480856E+00 +1.86196357E+01 +1.18067637E+01
+6.02649667E+00 +4.86524344E+00 +7.00096330E+01 +2.50062268E+00 +1.86554166E+01 +1.18328083E+01
+6.02945039E+00 +4.88526296E+00 +7.03175574E+01 +2.51641952E+00 +1.86911194E+01 +1.18588027E+01
+6.03239530E+00 +4.90528248E+00 +7.06255657E+01 +2.53219859E+00 +1.87267446E+01 +1.18847472E+01
+6.03533166E+00 +4.92530200E+00 +7.09336589E+01 +2.54795931E+00 +1.87622924E+01 +1.19106424E+01
+6.03825980E+00 +4.94532152E+00 +7.12418383E+01 +2.56370104E+00 +1.87977630E+01 +1.19364887E+01
+6.04118004E+00 +4.96534104E+00 +7.15501055E+01 +2.57942310E+00 +1.88331566E+01 +1.19622864E+01
+6.04409277E+00 +4.98536056E+00 +7.18584624E+01 +2.59512472E+00 +1.88684736E+01 +1.19880361E+01
+6.04699838E+00 +5.00538008E+00 +7.21669112E+01 +2.61080504E+00 +1.89037140E+01 +1.20137382E+01
+6.04989735E+00 +5.02539960E+00 +7.24754543E+01 +2.62646316E+00 +1.89388779E+01 +1.20393934E+01
+6.05279019E+00 +5.04541912E+00 +7.27840946E+01 +2.64209807E+00 +1.89739654E+01 +1.20650020E+01
+6.05567747E+00 +5.06543864E+00 +7.30928356E+01 +2.65770871E+00 +1.90089764E+01 +1.20905647E+01
+6.05855983E+00 +5.08545816E+00 +7.34016812E+01 +2.67329390E+00 +1.90439109E+01 +1.21160821E+01
+6.06143800E+00 +5.10547768E+00 +7.37106358E+01 +2.68885239E+00 +1.90787687E+01 +1.21415549E+01
+6.06431278E+00 +5.12549720E+00 +7.40197046E+01 +2.70438283E+00 +1.91135496E+01 +1.21669837E+01
+6.06718510E+00 +5.14551672E+00 +7.43288937E+01 +2.71988377E+00 +1.91482533E+01 +1.21923693E+01
+6.07005597E+00 +5.16553624E+00 +7.46382100E+01 +2.73535366E+00 +1.91828791E+01 +1.22177126E+01
+6.07292653E+00 +5.18555575E+00 +7.49476630E+01 +2.75079094E+00 +1.92174267E+01 +1.22430145E+01
+6.07579828E+00 +5.20557528E+00 +7.52572570E+01 +2.76619350E+00 +1.92518952E+01 +1.22682760E+01
+6.07867258E+00 +5.22559481E+00 +7.55670077E+01 +2.78155978E+00 +1.92862837E+01 +1.22934982E+01
+6.08155124E+00 +5.24561433E+00 +7.58769259E+01 +2.79688763E+00 +1.93205910E+01 +1.23186823E+01
+6.08443245E+00 +5.26563385E+00 +7.61869986E+01 +2.81217579E+00 +1.93548193E+01 +1.23438275E+01
+6.08731051E+00 +5.28565337E+00 +7.64971853E+01 +2.82742561E+00 +1.93889741E+01 +1.23689309E+01
+6.09018559E+00 +5.30567289E+00 +7.68074891E+01 +2.84263807E+00 +1.94230557E+01 +1.23939927E+01
+6.09305834E+00 +5.32569241E+00 +7.71179096E+01 +2.85781386E+00 +1.94570639E+01 +1.24190135E+01
+6.09592859E+00 +5.34571193E+00 +7.74284477E+01 +2.87295406E+00 +1.94909994E+01 +1.24439934E+01
+6.09879626E+00 +5.36573145E+00 +7.77391022E+01 +2.88805954E+00 +1.95248627E+01 +1.24689326E+01
+6.10166126E+00 +5.38575097E+00 +7.80498724E+01 +2.90313115E+00 +1.95586542E+01 +1.24938313E+01
+6.10452352E+00 +5.40577049E+00 +7.83607573E+01 +2.91816972E+00 +1.95923745E+01 +1.25186896E+01
+6.10738296E+00 +5.42579001E+00 +7.86717560E+01 +2.93317604E+00 +1.96260240E+01 +1.25435078E+01
+6.11023950E+00 +5.44580953E+00 +7.89828676E+01 +2.94815090E+00 +1.96596033E+01 +1.25682859E+01
+6.11309308E+00 +5.46582905E+00 +7.92940911E+01 +2.96309504E+00 +1.96931127E+01 +1.25930241E+01
+6.11594362E+00 +5.48584857E+00 +7.96054258E+01 +2.97800920E+00 +1.97265527E+01 +1.26177227E+01
+6.11879106E+00 +5.50586809E+00 +7.99168708E+01 +2.99289408E+00 +1.97599239E+01 +1.26423817E+01
+6.12163539E+00 +5.52588761E+00 +8.02284235E+01 +3.00775025E+00 +1.97932267E+01 +1.26670014E+01
+6.12447645E+00 +5.54590713E+00 +8.05400866E+01 +3.02257861E+00 +1.98264615E+01 +1.26915819E+01
+6.12731422E+00 +5.56592665E+00 +8.08518574E+01 +3.03737968E+00 +1.98596288E+01 +1.27161233E+01
+6.13014866E+00 +5.58594617E+00 +8.11637353E+01 +3.05215410E+00 +1.98927290E+01 +1.27406259E+01
+6.13297970E+00 +5.60596569E+00 +8.14757195E+01 +3.06690248E+00 +1.99257626E+01 +1.27650897E+01
+6.13580730E+00 +5.62598521E+00 +8.17878091E+01 +3.08162539E+00 +1.99587299E+01 +1.27895150E+01
+6.13863141E+00 +5.64600473E+00 +8.21000034E+01 +3.09632343E+00 +1.99916314E+01 +1.28139019E+01
+6.14145198E+00 +5.66602425E+00 +8.24123017E+01 +3.11099714E+00 +2.00244676E+01 +1.28382506E+01
+6.14426896E+00 +5.68604377E+00 +8.27247033E+01 +3.12564706E+00 +2.00572388E+01 +1.28625613E+01
+6.14708231E+00 +5.70606329E+00 +8.30372074E+01 +3.14027373E+00 +2.00899455E+01 +1.28868340E+01
+6.14989199E+00 +5.72608281E+00 +8.33498133E+01 +3.15487765E+00 +2.01225880E+01 +1.29110690E+01
+6.15269797E+00 +5.74610232E+00 +8.36625203E+01 +3.16945932E+00 +2.01551668E+01 +1.29352664E+01
+6.15550019E+00 +5.76612184E+00 +8.39753278E+01 +3.18401923E+00 +2.01876822E+01 +1.29594263E+01
+6.15829863E+00 +5.78614136E+00 +8.42882351E+01 +3.19855783E+00 +2.02201346E+01 +1.29835490E+01
+6.16109326E+00 +5.80616088E+00 +8.46012414E+01 +3.21307559E+00 +2.02525245E+01 +1.30076346E+01
+6.16388403E+00 +5.82618040E+00 +8.49143463E+01 +3.22757295E+00 +2.02848522E+01 +1.30316832E+01
+6.16667092E+00 +5.84619992E+00 +8.52275490E+01 +3.24205033E+00 +2.03171180E+01 +1.30556950E+01
+6.16945391E+00 +5.86621944E+00 +8.55408490E+01 +3.25650817E+00 +2.03493224E+01 +1.30796702E+01
+6.17223295E+00 +5.88623896E+00 +8.58542455E+01 +3.27094687E+00 +2.03814657E+01 +1.31036088E+01
+6.17500803E+00 +5.90625848E+00 +8.61677380E+01 +3.28536682E+00 +2.04135483E+01 +1.31275112E+01
+6.17777912E+00 +5.92627800E+00 +8.64813260E+01 +3.29976841E+00 +2.04455706E+01 +1.31513773E+01
+6.18054620E+00 +5.94629752E+00 +8.67950088E+01 +3.31415202E+00 +2.04775328E+01 +1.31752074E+01
+6.18330924E+00 +5.96631703E+00 +8.71087858E+01 +3.32851802E+00 +2.05094354E+01 +1.31990016E+01
+6.18606823E+00 +5.98633655E+00 +8.74226565E+01 +3.34286675E+00 +2.05412786E+01 +1.32227601E+01
+6.18882315E+00 +6.00635607E+00 +8.77366204E+01 +3.35719856E+00 +2.05730629E+01 +1.32464830E+01
+6.19157397E+00 +6.02637559E+00 +8.80506768E+01 +3.37151380E+00 +2.06047886E+01 +1.32701705E+01
+6.19432069E+00 +6.04639511E+00 +8.83648254E+01 +3.38581279E+00 +2.06364560E+01 +1.32938227E+01
+6.19706328E+00 +6.06641463E+00 +8.86790654E+01 +3.40009585E+00 +2.06680654E+01 +1.33174398E+01
+6.19980173E+00 +6.08643415E+00 +8.89933965E+01 +3.41436329E+00 +2.06996172E+01 +1.33410219E+01
+6.20253602E+00 +6.10645367E+00 +8.93078181E+01 +3.42861542E+00 +2.07311117E+01 +1.33645691E+01
+6.20526616E+00 +6.12647318E+00 +8.96223297E+01 +3.44285253E+00 +2.07625492E+01 +1.33880816E+01
+6.20799211E+00 +6.14649270E+00 +8.99369309E+01 +3.45707492E+00 +2.07939300E+01 +1.34115597E+01
+6.21071388E+00 +6.16651222E+00 +9.02516211E+01 +3.47128286E+00 +2.08252545E+01 +1.34350033E+01
+6.21343146E+00 +6.18653174E+00 +9.05663999E+01 +3.48547663E+00 +2.08565229E+01 +1.34584126E+01
+6.21614483E+00 +6.20655126E+00 +9.08812668E+01 +3.49965649E+00 +2.08877356E+01 +1.34817878E+01
+6.21885399E+00 +6.22657078E+00 +9.11962213E+01 +3.51382270E+00 +2.09188929E+01 +1.35051291E+01
+6.22155894E+00 +6.24659030E+00 +9.15112631E+01 +3.52797553E+00 +2.09499950E+01 +1.35284366E+01
+6.22425966E+00 +6.26660981E+00 +9.18263916E+01 +3.54211521E+00 +2.09810423E+01 +1.35517103E+01
+6.22695615E+00 +6.28662933E+00 +9.21416065E+01 +3.55624199E+00 +2.10120350E+01 +1.35749505E+01
+6.22964841E+00 +6.30664885E+00 +9.24569073E+01 +3.57035611E+00 +2.10429735E+01 +1.35981573E+01
+6.23233644E+00 +6.32666837E+00 +9.27722936E+01 +3.58445779E+00 +2.10738581E+01 +1.36213309E+01
+6.23502023E+00 +6.34668789E+00 +9.30877649E+01 +3.59854726E+00 +2.11046890E+01 +1.36444713E+01
+6.23769979E+00 +6.36670741E+00 +9.34033209E+01 +3.61262473E+00 +2.11354664E+01 +1.36675788E+01
+6.24037515E+00 +6.38672693E+00 +9.37189595E+01 +3.62669034E+00 +2.11661908E+01 +1.36906534E+01
+6.24304622E+00 +6.40674644E+00 +9.40346841E+01 +3.64074449E+00 +2.11968623E+01 +1.37136953E+01
+6.24571305E+00 +6.42676596E+00 +9.43504917E+01 +3.65478726E+00 +2.12274812E+01 +1.37367046E+01
+6.24837569E+00 +6.44678548E+00 +9.46663829E+01 +3.66881886E+00 +2.12580479E+01 +1.37596815E+01
+6.25103792E+00 +6.46680500E+00 +9.49823884E+01 +3.68283040E+00 +2.12885589E+01 +1.37826284E+01
+6.25369932E+00 +6.48682452E+00 +9.52985047E+01 +3.69681398E+00 +2.13190151E+01 +1.38055452E+01
+6.25635975E+00 +6.50684404E+00 +9.56147303E+01 +3.71077008E+00 +2.13494167E+01 +1.38284320E+01
+6.25901905E+00 +6.52686356E+00 +9.59310639E+01 +3.72469916E+00 +2.13797642E+01 +1.38512886E+01
+6.26167708E+00 +6.54688308E+00 +9.62475039E+01 +3.73860166E+00 +2.14100580E+01 +1.38741154E+01
+6.26433371E+00 +6.56690260E+00 +9.65640490E+01 +3.75247803E+00 +2.14402984E+01 +1.38969121E+01
+6.26698879E+00 +6.58692212E+00 +9.68806978E+01 +3.76632871E+00 +2.14704859E+01 +1.39196790E+01
+6.26964221E+00 +6.60694163E+00 +9.71974491E+01 +3.78015410E+00 +2.15006208E+01 +1.39424161E+01
+6.27229383E+00 +6.62696115E+00 +9.75143016E+01 +3.79395462E+00 +2.15307035E+01 +1.39651234E+01
+6.27494354E+00 +6.64698067E+00 +9.78312540E+01 +3.80773069E+00 +2.15607343E+01 +1.39878010E+01
+6.27759123E+00 +6.66700019E+00 +9.81483051E+01 +3.82148269E+00 +2.15907136E+01 +1.40104489E+01
+6.28023677E+00 +6.68701971E+00 +9.84654536E+01 +3.83521102E+00 +2.16206417E+01 +1.40330672E+01
+6.28288007E+00 +6.70703923E+00 +9.87826985E+01 +3.84891604E+00 +2.16505191E+01 +1.40556560E+01
+6.28552102E+00 +6.72705875E+00 +9.91000385E+01 +3.86259815E+00 +2.16803459E+01 +1.40782152E+01
+6.28815952E+00 +6.74707826E+00 +9.94174725E+01 +3.87625769E+00 +2.17101227E+01 +1.41007451E+01
+6.29079547E+00 +6.76709778E+00 +9.97349995E+01 +3.88989502E+00 +2.17398496E+01 +1.41232456E+01
+6.29342879E+00 +6.78711730E+00 +1.00052618E+02 +3.90351050E+00 +2.17695270E+01 +1.41457168E+01
+6.29605937E+00 +6.80713682E+00 +1.00370328E+02 +3.91710449E+00 +2.17991553E+01 +1.41681587E+01
+6.29868714E+00 +6.82715634E+00 +1.00688128E+02 +3.93067727E+00 +2.18287347E+01 +1.41905715E+01
+6.30131201E+00 +6.84717585E+00 +1.01006016E+02 +3.94422921E+00 +2.18582656E+01 +1.42129552E+01
+6.30393390E+00 +6.86719537E+00 +1.01323991E+02 +3.95776062E+00 +2.18877483E+01 +1.42353099E+01
+6.30655274E+00 +6.88721489E+00 +1.01642054E+02 +3.97127181E+00 +2.19171830E+01 +1.42576356E+01
+6.30916844E+00 +6.90723441E+00 +1.01960202E+02 +3.98476310E+00 +2.19465701E+01 +1.42799324E+01
+6.31178094E+00 +6.92725393E+00 +1.02278436E+02 +3.99823479E+00 +2.19759099E+01 +1.43022004E+01
+6.31439016E+00 +6.94727344E+00 +1.02596753E+02 +4.01168718E+00 +2.20052026E+01 +1.43244396E+01
+6.31699604E+00 +6.96729296E+00 +1.02915153E+02 +4.02512055E+00 +2.20344486E+01 +1.43466501E+01
+6.31959852E+00 +6.98731248E+00 +1.03233636E+02 +4.03853519E+00 +2.20636481E+01 +1.43688321E+01
+6.32219752E+00 +7.00733200E+00 +1.03552199E+02 +4.05193139E+00 +2.20928014E+01 +1.43909854E+01
+6.32479299E+00 +7.02735151E+00 +1.03870844E+02 +4.06530941E+00 +2.21219088E+01 +1.44131104E+01
+6.32738487E+00 +7.04737103E+00 +1.04189567E+02 +4.07866953E+00 +2.21509705E+01 +1.44352069E+01
+6.32997311E+00 +7.06739055E+00 +1.04508370E+02 +4.09201201E+00 +2.21799868E+01 +1.44572751E+01
+6.33255765E+00 +7.08741007E+00 +1.04827250E+02 +4.10533710E+00 +2.22089581E+01 +1.44793150E+01
+6.33513843E+00 +7.10742959E+00 +1.05146208E+02 +4.11864507E+00 +2.22378844E+01 +1.45013268E+01
+6.33771541E+00 +7.12744910E+00 +1.05465242E+02 +4.13193616E+00 +2.22667662E+01 +1.45233104E+01
+6.34028854E+00 +7.14746862E+00 +1.05784351E+02 +4.14521062E+00 +2.22956036E+01 +1.45452660E+01
+6.34285777E+00 +7.16748814E+00 +1.06103536E+02 +4.15846868E+00 +2.23243970E+01 +1.45671937E+01
+6.34542305E+00 +7.18750765E+00 +1.06422794E+02 +4.17171058E+00 +2.23531465E+01 +1.45890935E+01
+6.34798434E+00 +7.20752717E+00 +1.06742126E+02 +4.18493656E+00 +2.23818524E+01 +1.46109655E+01
+6.35054160E+00 +7.22754669E+00 +1.07061530E+02 +4.19814683E+00 +2.24105150E+01 +1.46328098E+01
+6.35309479E+00 +7.24756621E+00 +1.07381007E+02 +4.21134163E+00 +2.24391345E+01 +1.46546264E+01
+6.35564387E+00 +7.26758572E+00 +1.07700554E+02 +4.22452116E+00 +2.24677110E+01 +1.46764154E+01
+6.35818880E+00 +7.28760524E+00 +1.08020173E+02 +4.23768565E+00 +2.24962450E+01 +1.46981769E+01
+6.36072953E+00 +7.30762476E+00 +1.08339861E+02 +4.25083531E+00 +2.25247366E+01 +1.47199110E+01
+6.36326605E+00 +7.32764428E+00 +1.08659618E+02 +4.26397033E+00 +2.25531860E+01 +1.47416178E+01
+6.36579830E+00 +7.34766379E+00 +1.08979444E+02 +4.27709093E+00 +2.25815934E+01 +1.47632973E+01
+6.36832797E+00 +7.36768331E+00 +1.09299352E+02 +4.29019609E+00 +2.26099576E+01 +1.47849506E+01
+6.37085645E+00 +7.38770283E+00 +1.09619357E+02 +4.30328359E+00 +2.26382773E+01 +1.48065787E+01
+6.37338320E+00 +7.40772235E+00 +1.09939453E+02 +4.31635408E+00 +2.26665533E+01 +1.48281814E+01
+6.37590793E+00 +7.42774186E+00 +1.10259636E+02 +4.32940824E+00 +2.26947859E+01 +1.48497586E+01
+6.37843041E+00 +7.44776138E+00 +1.10579905E+02 +4.34244670E+00 +2.27229758E+01 +1.48713102E+01
+6.38095041E+00 +7.46778090E+00 +1.10900257E+02 +4.35547000E+00 +2.27511231E+01 +1.48928362E+01
+6.38346775E+00 +7.48780042E+00 +1.11220690E+02 +4.36847866E+00 +2.27792284E+01 +1.49143366E+01
+6.38598226E+00 +7.50781993E+00 +1.11541202E+02 +4.38147313E+00 +2.28072918E+01 +1.49358114E+01
+6.38849380E+00 +7.52783945E+00 +1.11861793E+02 +4.39445384E+00 +2.28353138E+01 +1.49572605E+01
+6.39100223E+00 +7.54785897E+00 +1.12182459E+02 +4.40742117E+00 +2.28632947E+01 +1.49786840E+01
+6.39350743E+00 +7.56787848E+00 +1.12503201E+02 +4.42037549E+00 +2.28912347E+01 +1.50000819E+01
+6.39600931E+00 +7.58789800E+00 +1.12824016E+02 +4.43331714E+00 +2.29191342E+01 +1.50214543E+01
+6.39850776E+00 +7.60791752E+00 +1.13144903E+02 +4.44624643E+00 +2.29469933E+01 +1.50428010E+01
+6.40100274E+00 +7.62793704E+00 +1.13465860E+02 +4.45916355E+00 +2.29748123E+01 +1.50641223E+01
+6.40349409E+00 +7.64795655E+00 +1.13786889E+02 +4.47206899E+00 +2.30025916E+01 +1.50854181E+01
+6.40598177E+00 +7.66797607E+00 +1.14107988E+02 +4.48496289E+00 +2.30303314E+01 +1.51066885E+01
+6.40846573E+00 +7.68799559E+00 +1.14429155E+02 +4.49784552E+00 +2.30580318E+01 +1.51279334E+01
+6.41094591E+00 +7.70801510E+00 +1.14750390E+02 +4.51071710E+00 +2.30856932E+01 +1.51491531E+01
+6.41342225E+00 +7.72803462E+00 +1.15071691E+02 +4.52357787E+00 +2.31133156E+01 +1.51703474E+01
+6.41589471E+00 +7.74805414E+00 +1.15393058E+02 +4.53642802E+00 +2.31408994E+01 +1.51915166E+01
+6.41836324E+00 +7.76807365E+00 +1.15714491E+02 +4.54926776E+00 +2.31684448E+01 +1.52126605E+01
+6.42082781E+00 +7.78809317E+00 +1.16035988E+02 +4.56209730E+00 +2.31959520E+01 +1.52337794E+01
+6.42328837E+00 +7.80811269E+00 +1.16357549E+02 +4.57491680E+00 +2.32234211E+01 +1.52548732E+01
+6.42574490E+00 +7.82813221E+00 +1.16679174E+02 +4.58772647E+00 +2.32508523E+01 +1.52759421E+01
+6.42819736E+00 +7.84815172E+00 +1.17000861E+02 +4.60052645E+00 +2.32782460E+01 +1.52969860E+01
+6.43064572E+00 +7.86817124E+00 +1.17322610E+02 +4.61331693E+00 +2.33056022E+01 +1.53180050E+01
+6.43308997E+00 +7.88819076E+00 +1.17644421E+02 +4.62609806E+00 +2.33329211E+01 +1.53389993E+01
+6.43553007E+00 +7.90821027E+00 +1.17966293E+02 +4.63887000E+00 +2.33602029E+01 +1.53599688E+01
+6.43796600E+00 +7.92822979E+00 +1.18288225E+02 +4.65163289E+00 +2.33874479E+01 +1.53809137E+01
+6.44039783E+00 +7.94825004E+00 +1.18610229E+02 +4.66438735E+00 +2.34146571E+01 +1.54018348E+01
+6.44282537E+00 +7.96826952E+00 +1.18932280E+02 +4.67713256E+00 +2.34418288E+01 +1.54227305E+01
+6.44524868E+00 +7.98828900E+00 +1.19254390E+02 +4.68986914E+00 +2.34689641E+01 +1.54436018E+01
+6.44766776E+00 +8.00830848E+00 +1.19576558E+02 +4.70259724E+00 +2.34960632E+01 +1.54644486E+01
+6.45008258E+00 +8.02832796E+00 +1.19898785E+02 +4.71531699E+00 +2.35231263E+01 +1.54852712E+01
+6.45249407E+00 +8.04834745E+00 +1.20221078E+02 +4.72802484E+00 +2.35501527E+01 +1.55060701E+01
+6.45490406E+00 +8.06836693E+00 +1.20543455E+02 +4.74070531E+00 +2.35771407E+01 +1.55268465E+01
+6.45731236E+00 +8.08838641E+00 +1.20865914E+02 +4.75335728E+00 +2.36040908E+01 +1.55476005E+01
+6.45971890E+00 +8.10840589E+00 +1.21188454E+02 +4.76598150E+00 +2.36310031E+01 +1.55683320E+01
+6.46212363E+00 +8.12842538E+00 +1.21511074E+02 +4.77857871E+00 +2.36578778E+01 +1.55890410E+01
+6.46452648E+00 +8.14844486E+00 +1.21833774E+02 +4.79114961E+00 +2.36847152E+01 +1.56097277E+01
+6.46692739E+00 +8.16846434E+00 +1.22156552E+02 +4.80369488E+00 +2.37115154E+01 +1.56303921E+01
+6.46932631E+00 +8.18848382E+00 +1.22479409E+02 +4.81621518E+00 +2.37382787E+01 +1.56510341E+01
+6.47172318E+00 +8.20850330E+00 +1.22802343E+02 +4.82871115E+00 +2.37650052E+01 +1.56716539E+01
+6.47411794E+00 +8.22852278E+00 +1.23125353E+02 +4.84118341E+00 +2.37916952E+01 +1.56922515E+01
+6.47651055E+00 +8.24854226E+00 +1.23448439E+02 +4.85363255E+00 +2.38183488E+01 +1.57128269E+01
+6.47890095E+00 +8.26856174E+00 +1.23771601E+02 +4.86605915E+00 +2.38449662E+01 +1.57333802E+01
+6.48128909E+00 +8.28858122E+00 +1.24094837E+02 +4.87846380E+00 +2.38715477E+01 +1.57539114E+01
+6.48367493E+00 +8.30860070E+00 +1.24418146E+02 +4.89084700E+00 +2.38980934E+01 +1.57744205E+01
+6.48605850E+00 +8.32862090E+00 +1.24741540E+02 +4.90320975E+00 +2.39246044E+01 +1.57949083E+01
+6.48843953E+00 +8.34863986E+00 +1.25064986E+02 +4.91555134E+00 +2.39510784E+01 +1.58153729E+01
+6.49081817E+00 +8.36865928E+00 +1.25388511E+02 +4.92787333E+00 +2.39775178E+01 +1.58358161E+01
+6.49319439E+00 +8.38867880E+00 +1.25712107E+02 +4.94017587E+00 +2.40039222E+01 +1.58562375E+01
+6.49556803E+00 +8.40869832E+00 +1.26035775E+02 +4.95245957E+00 +2.40302918E+01 +1.58766370E+01
+6.49793910E+00 +8.42871784E+00 +1.26359513E+02 +4.96472477E+00 +2.40566266E+01 +1.58970148E+01
+6.50030757E+00 +8.44873736E+00 +1.26683320E+02 +4.97697193E+00 +2.40829270E+01 +1.59173708E+01
+6.50267339E+00 +8.46875688E+00 +1.27007196E+02 +4.98920146E+00 +2.41091930E+01 +1.59377051E+01
+6.50503652E+00 +8.48877640E+00 +1.27331139E+02 +5.00141379E+00 +2.41354248E+01 +1.59580177E+01
+6.50739693E+00 +8.50879592E+00 +1.27655150E+02 +5.01360931E+00 +2.41616226E+01 +1.59783088E+01
+6.50975458E+00 +8.52881544E+00 +1.27979227E+02 +5.02578841E+00 +2.41877866E+01 +1.59985782E+01
+6.51210944E+00 +8.54883496E+00 +1.28303370E+02 +5.03795147E+00 +2.42139168E+01 +1.60188261E+01
+6.51446146E+00 +8.56885448E+00 +1.28627579E+02 +5.05009886E+00 +2.42400136E+01 +1.60390526E+01
+6.51681063E+00 +8.58887400E+00 +1.28951852E+02 +5.06223094E+00 +2.42660771E+01 +1.60592576E+01
+6.51915690E+00 +8.60889352E+00 +1.29276190E+02 +5.07434806E+00 +2.42921073E+01 +1.60794412E+01
+6.52150023E+00 +8.62891304E+00 +1.29600592E+02 +5.08645056E+00 +2.43181045E+01 +1.60996035E+01
+6.52384061E+00 +8.64893256E+00 +1.29925057E+02 +5.09853874E+00 +2.43440689E+01 +1.61197445E+01
+6.52617801E+00 +8.66895207E+00 +1.30249584E+02 +5.11061294E+00 +2.43700006E+01 +1.61398642E+01
+6.52851238E+00 +8.68897159E+00 +1.30574173E+02 +5.12267347E+00 +2.43958997E+01 +1.61599627E+01
+6.53084369E+00 +8.70899111E+00 +1.30898824E+02 +5.13472062E+00 +2.44217664E+01 +1.61800400E+01
+6.53317198E+00 +8.72901063E+00 +1.31223534E+02 +5.14675459E+00 +2.44476008E+01 +1.62000963E+01
+6.53549711E+00 +8.74903015E+00 +1.31548306E+02 +5.15877586E+00 +2.44734032E+01 +1.62201314E+01
+6.53781910E+00 +8.76904967E+00 +1.31873138E+02 +5.17078460E+00 +2.44991736E+01 +1.62401455E+01
+6.54013793E+00 +8.78906919E+00 +1.32198029E+02 +5.18278108E+00 +2.45249123E+01 +1.62601386E+01
+6.54245357E+00 +8.80908871E+00 +1.32522980E+02 +5.19476556E+00 +2.45506193E+01 +1.62801108E+01
+6.54476599E+00 +8.82910823E+00 +1.32847988E+02 +5.20673829E+00 +2.45762948E+01 +1.63000621E+01
+6.54707517E+00 +8.84912775E+00 +1.33173054E+02 +5.21869952E+00 +2.46019390E+01 +1.63199926E+01
+6.54938108E+00 +8.86914727E+00 +1.33498178E+02 +5.23064947E+00 +2.46275520E+01 +1.63399022E+01
+6.55168369E+00 +8.88916679E+00 +1.33823358E+02 +5.24258839E+00 +2.46531339E+01 +1.63597910E+01
+6.55398303E+00 +8.90918631E+00 +1.34148593E+02 +5.25451641E+00 +2.46786849E+01 +1.63796592E+01
+6.55627894E+00 +8.92920583E+00 +1.34473887E+02 +5.26643400E+00 +2.47042052E+01 +1.63995067E+01
+6.55857157E+00 +8.94922535E+00 +1.34799232E+02 +5.27834102E+00 +2.47296948E+01 +1.64193335E+01
+6.56086076E+00 +8.96924487E+00 +1.35124634E+02 +5.29023796E+00 +2.47551539E+01 +1.64391398E+01
+6.56314654E+00 +8.98926439E+00 +1.35450091E+02 +5.30212491E+00 +2.47805827E+01 +1.64589255E+01
+6.56542887E+00 +9.00928391E+00 +1.35775601E+02 +5.31400206E+00 +2.48059813E+01 +1.64786907E+01
+6.56770775E+00 +9.02930343E+00 +1.36101164E+02 +5.32586961E+00 +2.48313498E+01 +1.64984355E+01
+6.56998318E+00 +9.04932295E+00 +1.36426778E+02 +5.33772765E+00 +2.48566884E+01 +1.65181599E+01
+6.57225506E+00 +9.06934246E+00 +1.36752447E+02 +5.34957652E+00 +2.48819972E+01 +1.65378638E+01
+6.57452341E+00 +9.08936198E+00 +1.37078167E+02 +5.36141630E+00 +2.49072763E+01 +1.65575475E+01
+6.57678825E+00 +9.10938150E+00 +1.37403937E+02 +5.37324709E+00 +2.49325259E+01 +1.65772109E+01
+6.57904949E+00 +9.12940102E+00 +1.37729758E+02 +5.38506915E+00 +2.49577461E+01 +1.65968540E+01
+6.58130715E+00 +9.14942054E+00 +1.38055630E+02 +5.39688259E+00 +2.49829370E+01 +1.66164770E+01
+6.58356118E+00 +9.16944006E+00 +1.38381551E+02 +5.40868756E+00 +2.50080988E+01 +1.66360798E+01
+6.58581158E+00 +9.18945958E+00 +1.38707522E+02 +5.42048420E+00 +2.50332317E+01 +1.66556624E+01
+6.58805832E+00 +9.20947910E+00 +1.39033542E+02 +5.43227266E+00 +2.50583356E+01 +1.66752250E+01
+6.59030137E+00 +9.22949862E+00 +1.39359610E+02 +5.44405307E+00 +2.50834108E+01 +1.66947676E+01
+6.59254073E+00 +9.24951814E+00 +1.39685726E+02 +5.45582551E+00 +2.51084574E+01 +1.67142902E+01
+6.59477638E+00 +9.26953766E+00 +1.40011888E+02 +5.46759014E+00 +2.51334756E+01 +1.67337928E+01
+6.59700827E+00 +9.28955718E+00 +1.40338098E+02 +5.47934708E+00 +2.51584653E+01 +1.67532755E+01
+6.59923640E+00 +9.30957670E+00 +1.40664355E+02 +5.49109642E+00 +2.51834269E+01 +1.67727384E+01
+6.60146077E+00 +9.32959622E+00 +1.40990656E+02 +5.50283824E+00 +2.52083603E+01 +1.67921814E+01
+6.60368131E+00 +9.34961574E+00 +1.41317003E+02 +5.51457271E+00 +2.52332658E+01 +1.68116047E+01
+6.60589804E+00 +9.36963525E+00 +1.41643395E+02 +5.52629986E+00 +2.52581435E+01 +1.68310082E+01
+6.60811092E+00 +9.38965477E+00 +1.41969832E+02 +5.53801982E+00 +2.52829934E+01 +1.68503919E+01
+6.61031992E+00 +9.40967429E+00 +1.42296312E+02 +5.54973267E+00 +2.53078157E+01 +1.68697560E+01
+6.61252504E+00 +9.42969381E+00 +1.42622836E+02 +5.56143847E+00 +2.53326106E+01 +1.68891005E+01
+6.61472625E+00 +9.44971333E+00 +1.42949403E+02 +5.57313730E+00 +2.53573781E+01 +1.69084254E+01
+6.61692352E+00 +9.46973285E+00 +1.43276012E+02 +5.58482924E+00 +2.53821184E+01 +1.69277307E+01
+6.61911686E+00 +9.48975237E+00 +1.43602663E+02 +5.59651431E+00 +2.54068315E+01 +1.69470165E+01
+6.62130622E+00 +9.50977189E+00 +1.43929354E+02 +5.60819260E+00 +2.54315177E+01 +1.69662828E+01
+6.62349157E+00 +9.52979141E+00 +1.44256088E+02 +5.61986418E+00 +2.54561771E+01 +1.69855297E+01
+6.62567291E+00 +9.54981093E+00 +1.44582861E+02 +5.63152907E+00 +2.54808097E+01 +1.70047571E+01
+6.62785021E+00 +9.56983045E+00 +1.44909675E+02 +5.64318732E+00 +2.55054157E+01 +1.70239652E+01
+6.63002345E+00 +9.58984997E+00 +1.45236527E+02 +5.65483895E+00 +2.55299952E+01 +1.70431540E+01
+6.63219261E+00 +9.60986949E+00 +1.45563419E+02 +5.66648399E+00 +2.55545483E+01 +1.70623234E+01
+6.63435766E+00 +9.62988900E+00 +1.45890349E+02 +5.67812246E+00 +2.55790752E+01 +1.70814736E+01
+6.63651859E+00 +9.64990852E+00 +1.46217316E+02 +5.68975435E+00 +2.56035759E+01 +1.71006045E+01
+6.63867536E+00 +9.66992804E+00 +1.46544321E+02 +5.70137971E+00 +2.56280506E+01 +1.71197163E+01
+6.64082796E+00 +9.68994756E+00 +1.46871363E+02 +5.71299851E+00 +2.56524995E+01 +1.71388088E+01
+6.64297636E+00 +9.70996708E+00 +1.47198441E+02 +5.72461074E+00 +2.56769225E+01 +1.71578823E+01
+6.64512054E+00 +9.72998660E+00 +1.47525554E+02 +5.73621639E+00 +2.57013199E+01 +1.71769366E+01
+6.64726078E+00 +9.75000612E+00 +1.47852706E+02 +5.74781674E+00 +2.57256915E+01 +1.71959720E+01
+6.64939698E+00 +9.77002564E+00 +1.48179896E+02 +5.75941247E+00 +2.57500374E+01 +1.72149886E+01
+6.65152919E+00 +9.79004516E+00 +1.48507122E+02 +5.77100367E+00 +2.57743578E+01 +1.72339863E+01
+6.65365743E+00 +9.81006468E+00 +1.48834386E+02 +5.78259043E+00 +2.57986526E+01 +1.72529653E+01
+6.65578175E+00 +9.83008420E+00 +1.49161688E+02 +5.79417285E+00 +2.58229219E+01 +1.72719257E+01
+6.65790218E+00 +9.85010372E+00 +1.49489027E+02 +5.80575101E+00 +2.58471659E+01 +1.72908674E+01
+6.66001875E+00 +9.87012324E+00 +1.49816404E+02 +5.81732500E+00 +2.58713845E+01 +1.73097905E+01
+6.66213151E+00 +9.89014275E+00 +1.50143820E+02 +5.82889492E+00 +2.58955778E+01 +1.73286952E+01
+6.66424047E+00 +9.91016227E+00 +1.50471273E+02 +5.84046085E+00 +2.59197459E+01 +1.73475815E+01
+6.66634567E+00 +9.93018179E+00 +1.50798764E+02 +5.85202286E+00 +2.59438888E+01 +1.73664495E+01
+6.66844714E+00 +9.95020131E+00 +1.51126294E+02 +5.86358104E+00 +2.59680066E+01 +1.73852992E+01
+6.67054489E+00 +9.97022083E+00 +1.51453862E+02 +5.87513548E+00 +2.59920994E+01 +1.74041306E+01
+6.67263897E+00 +9.99024035E+00 +1.51781468E+02 +5.88668625E+00 +2.60161672E+01 +1.74229439E+01
+6.67472938E+00 +1.00102599E+01 +1.52109112E+02 +5.89823342E+00 +2.60402101E+01 +1.74417391E+01
+6.67681616E+00 +1.00302794E+01 +1.52436795E+02 +5.90977708E+00 +2.60642281E+01 +1.74605163E+01
+6.67889933E+00 +1.00502989E+01 +1.52764516E+02 +5.92131730E+00 +2.60882214E+01 +1.74792755E+01
+6.68097892E+00 +1.00703184E+01 +1.53092275E+02 +5.93285412E+00 +2.61121900E+01 +1.74980167E+01
+6.68305492E+00 +1.00903379E+01 +1.53420073E+02 +5.94438767E+00 +2.61361340E+01 +1.75167401E+01
+6.68512737E+00 +1.01103575E+01 +1.53747909E+02 +5.95591798E+00 +2.61600534E+01 +1.75354457E+01
+6.68719673E+00 +1.01303770E+01 +1.54075788E+02 +5.96744362E+00 +2.61839478E+01 +1.75541338E+01
+6.68926514E+00 +1.01503965E+01 +1.54403735E+02 +5.97895656E+00 +2.62078154E+01 +1.75728059E+01
+6.69133284E+00 +1.01704160E+01 +1.54731752E+02 +5.99045576E+00 +2.62316559E+01 +1.75914622E+01
+6.69339977E+00 +1.01904355E+01 +1.55059838E+02 +6.00194138E+00 +2.62554696E+01 +1.76101026E+01
+6.69546586E+00 +1.02104551E+01 +1.55387992E+02 +6.01341359E+00 +2.62792564E+01 +1.76287272E+01
+6.69753106E+00 +1.02304746E+01 +1.55716213E+02 +6.02487255E+00 +2.63030167E+01 +1.76473359E+01
