# Shock hugoniot for sesame material number 7361
#   fused quartz (z=10.0, a=20.028) -   2.204 - 301                                                   
# Polar curve for this state :
#   rho(g/cm3) =  2.20399400E+00
#   P(Mbar)    =  1.55551218E-05
#   T(eV)      =  2.58509263E-02
#   E(KJ/g)    =  1.51158805E-03

#R(g/cm3) P-P0(Mbar) E(KJ/g) T(eV) Us(km/s) Up(km/s) 
+2.20853347E+00 +6.19833808E-04 +1.54121563E-03 +2.58768566E-02 +3.65226921E+00 +7.50695973E-03
+4.49781350E+00 +2.51355780E-01 +2.90977012E+00 +1.47044176E-01 +4.72875591E+00 +2.41159677E+00
+4.59852715E+00 +5.02611584E-01 +5.93906572E+00 +3.67554579E-01 +6.61764206E+00 +3.44592144E+00
+4.62024239E+00 +7.53867337E-01 +8.94568649E+00 +6.40373433E-01 +8.08722210E+00 +4.22937494E+00
+4.61721911E+00 +1.00512313E+00 +1.19194988E+01 +7.86271585E-01 +9.34097897E+00 +4.88213456E+00
+4.75844369E+00 +1.25637901E+00 +1.53024499E+01 +1.08934479E+00 +1.03047209E+01 +5.53182781E+00
+4.89299044E+00 +1.50763481E+00 +1.87979716E+01 +1.27843176E+00 +1.11566216E+01 +6.13124349E+00
+5.02903147E+00 +1.75889057E+00 +2.24166845E+01 +1.33110133E+00 +1.19190696E+01 +6.69548768E+00
+5.16683128E+00 +2.01014626E+00 +2.61516569E+01 +1.28702598E+00 +1.26114547E+01 +7.23183826E+00
+5.30254629E+00 +2.26140204E+00 +2.99803436E+01 +1.21151473E+00 +1.32508889E+01 +7.74318032E+00
+5.43314053E+00 +2.51265800E+00 +3.38806580E+01 +1.14112957E+00 +1.38497436E+01 +8.23149178E+00
+5.55308367E+00 +2.76391368E+00 +3.78178137E+01 +1.10692858E+00 +1.44198098E+01 +8.69665198E+00
+5.65670615E+00 +3.01516939E+00 +4.17528384E+01 +1.13924316E+00 +1.49710119E+01 +9.13793177E+00
+5.74234782E+00 +3.26642525E+00 +4.56625873E+01 +1.24561220E+00 +1.55086588E+01 +9.55621706E+00
+5.79874584E+00 +3.51768124E+00 +4.94727543E+01 +1.42012098E+00 +1.60455518E+01 +9.94693999E+00
+5.84959479E+00 +3.76893703E+00 +5.32887948E+01 +1.60509060E+00 +1.65646276E+01 +1.03234534E+01
+5.89342471E+00 +4.02019266E+00 +5.70967306E+01 +1.81308471E+00 +1.70695307E+01 +1.06859515E+01
+5.93430539E+00 +4.27144846E+00 +6.09147272E+01 +2.02422131E+00 +1.75587661E+01 +1.10374611E+01
+5.97441274E+00 +4.52270424E+00 +6.47535771E+01 +2.22786662E+00 +1.80320857E+01 +1.13799492E+01
+6.01291041E+00 +4.77396000E+00 +6.86066243E+01 +2.42838068E+00 +1.84916269E+01 +1.17136389E+01
+6.04987076E+00 +5.02521578E+00 +7.24726207E+01 +2.62631949E+00 +1.89385554E+01 +1.20391580E+01
+6.08599092E+00 +5.27647157E+00 +7.63549066E+01 +2.82043609E+00 +1.93733183E+01 +1.23574226E+01
+6.12189662E+00 +5.52772736E+00 +8.02570601E+01 +3.00911410E+00 +1.97962837E+01 +1.26692619E+01
+6.15729845E+00 +5.77898314E+00 +8.41763398E+01 +3.19336179E+00 +2.02085381E+01 +1.29749279E+01
+6.19210435E+00 +6.03023891E+00 +8.81112933E+01 +3.37427444E+00 +2.06109042E+01 +1.32747376E+01
+6.22626495E+00 +6.28149468E+00 +9.20607512E+01 +3.55261993E+00 +2.10040911E+01 +1.35689930E+01
+6.25980080E+00 +6.53275045E+00 +9.60241044E+01 +3.72879003E+00 +2.13886779E+01 +1.38580041E+01
+6.29301974E+00 +6.78400621E+00 +1.00003253E+02 +3.90139604E+00 +2.17649183E+01 +1.41422266E+01
+6.32581757E+00 +7.03526197E+00 +1.03996774E+02 +4.07059061E+00 +2.21333976E+01 +1.44218449E+01
+6.35805065E+00 +7.28651772E+00 +1.08002808E+02 +4.23697090E+00 +2.24946961E+01 +1.46969955E+01
+6.38973892E+00 +7.53777348E+00 +1.12020903E+02 +4.40089010E+00 +2.28492035E+01 +1.49678944E+01
+6.42094295E+00 +7.78902922E+00 +1.16051022E+02 +4.56269692E+00 +2.31972372E+01 +1.52347663E+01
+6.45152310E+00 +8.04028554E+00 +1.20091279E+02 +4.72291016E+00 +2.35392737E+01 +1.54976970E+01
+6.48164195E+00 +8.29154084E+00 +1.24142629E+02 +4.88029583E+00 +2.38754744E+01 +1.57569447E+01
+6.51139945E+00 +8.54279660E+00 +1.28205594E+02 +5.03428447E+00 +2.42060389E+01 +1.60127212E+01
+6.54071463E+00 +8.79405238E+00 +1.32278909E+02 +5.18576533E+00 +2.45313141E+01 +1.62651120E+01
+6.56952715E+00 +9.04530816E+00 +1.36361474E+02 +5.33535033E+00 +2.48516093E+01 +1.65142059E+01
+6.59778854E+00 +9.29656394E+00 +1.40452282E+02 +5.48346016E+00 +2.51672050E+01 +1.67600897E+01
+6.62545613E+00 +9.54781972E+00 +1.44550357E+02 +5.63036914E+00 +2.54783608E+01 +1.70028456E+01
+6.65248967E+00 +9.79907549E+00 +1.48654739E+02 +5.77623073E+00 +2.57853198E+01 +1.72425496E+01
+6.67890270E+00 +1.00503313E+01 +1.52765046E+02 +5.92133595E+00 +2.60882602E+01 +1.74793058E+01
+6.70485888E+00 +1.03015870E+01 +1.56882643E+02 +6.06547176E+00 +2.63872037E+01 +1.77133092E+01
+6.73061904E+00 +1.05528428E+01 +1.61010161E+02 +6.20769187E+00 +2.66820661E+01 +1.79448142E+01
+6.75611136E+00 +1.08040986E+01 +1.65146501E+02 +6.34819842E+00 +2.69730730E+01 +1.81738558E+01
+6.78127038E+00 +1.10553544E+01 +1.69290590E+02 +6.48721463E+00 +2.72604353E+01 +1.84004677E+01
+6.80604808E+00 +1.13066102E+01 +1.73441529E+02 +6.62492783E+00 +2.75443390E+01 +1.86246903E+01
+6.83040911E+00 +1.15578659E+01 +1.77598544E+02 +6.76149659E+00 +2.78249498E+01 +1.88465678E+01
+6.85432726E+00 +1.18091217E+01 +1.81760961E+02 +6.89705678E+00 +2.81024180E+01 +1.90661467E+01
+6.87778269E+00 +1.20603775E+01 +1.85928171E+02 +7.03172686E+00 +2.83768807E+01 +1.92834741E+01
+6.90075896E+00 +1.23116333E+01 +1.90099612E+02 +7.16561404E+00 +2.86484660E+01 +1.94985960E+01
+6.92323983E+00 +1.25628890E+01 +1.94274703E+02 +7.29882127E+00 +2.89172958E+01 +1.97115557E+01
+6.94514093E+00 +1.28141460E+01 +1.98451982E+02 +7.43141174E+00 +2.91835547E+01 +1.99223489E+01
+6.96650071E+00 +1.30654017E+01 +2.02631528E+02 +7.56288023E+00 +2.94472988E+01 +2.01310477E+01
+6.98747976E+00 +1.33166575E+01 +2.06815180E+02 +7.69235566E+00 +2.97084638E+01 +2.03378068E+01
+7.00812148E+00 +1.35679132E+01 +2.11003251E+02 +7.82024267E+00 +2.99670936E+01 +2.05427001E+01
+7.02844939E+00 +1.38191690E+01 +2.15195814E+02 +7.94688045E+00 +3.02232476E+01 +2.07457864E+01
+7.04847883E+00 +1.40704247E+01 +2.19392845E+02 +8.07252824E+00 +3.04769891E+01 +2.09471171E+01
+7.06822068E+00 +1.43216805E+01 +2.23594273E+02 +8.19738731E+00 +3.07283823E+01 +2.11467389E+01
+7.08768324E+00 +1.45729362E+01 +2.27799997E+02 +8.32161594E+00 +3.09774908E+01 +2.13446952E+01
+7.10687315E+00 +1.48241920E+01 +2.32009904E+02 +8.44534017E+00 +3.12243762E+01 +2.15410266E+01
+7.12579606E+00 +1.50754478E+01 +2.36223873E+02 +8.56866129E+00 +3.14690987E+01 +2.17357715E+01
+7.14445690E+00 +1.53267035E+01 +2.40441779E+02 +8.69166148E+00 +3.17117160E+01 +2.19289665E+01
+7.16286016E+00 +1.55779593E+01 +2.44663497E+02 +8.81440790E+00 +3.19522837E+01 +2.21206466E+01
+7.18100999E+00 +1.58292150E+01 +2.48888903E+02 +8.93695583E+00 +3.21908556E+01 +2.23108453E+01
+7.19891031E+00 +1.60804708E+01 +2.53117872E+02 +9.05935103E+00 +3.24274829E+01 +2.24995946E+01
+7.21653588E+00 +1.63317266E+01 +2.57349832E+02 +9.18168417E+00 +3.26622441E+01 +2.26869053E+01
+7.23399286E+00 +1.65829824E+01 +2.61586275E+02 +9.30376765E+00 +3.28950845E+01 +2.28728782E+01
+7.25168852E+00 +1.68342383E+01 +2.65833585E+02 +9.42479276E+00 +3.31256470E+01 +2.30578225E+01
+7.26954855E+00 +1.70854941E+01 +2.70090625E+02 +9.54474774E+00 +3.33540513E+01 +2.32417137E+01
+7.28746938E+00 +1.73367499E+01 +2.74355730E+02 +9.66373050E+00 +3.35804454E+01 +2.34245056E+01
+7.30537531E+00 +1.75880057E+01 +2.78627629E+02 +9.78183083E+00 +3.38049483E+01 +2.36061700E+01
+7.32321023E+00 +1.78392615E+01 +2.82905330E+02 +9.89912998E+00 +3.40276578E+01 +2.37866909E+01
+7.34093212E+00 +1.80905173E+01 +2.87188045E+02 +1.00157010E+01 +3.42486564E+01 +2.39660612E+01
+7.35850924E+00 +1.83417730E+01 +2.91475134E+02 +1.01316094E+01 +3.44680151E+01 +2.41442803E+01
+7.37591747E+00 +1.85930288E+01 +2.95766071E+02 +1.02469138E+01 +3.46857959E+01 +2.43213516E+01
+7.39313842E+00 +1.88442845E+01 +3.00060416E+02 +1.03616664E+01 +3.49020538E+01 +2.44972821E+01
+7.41015798E+00 +1.90955403E+01 +3.04357792E+02 +1.04759142E+01 +3.51168382E+01 +2.46720810E+01
+7.42696538E+00 +1.93467960E+01 +3.08657876E+02 +1.05896990E+01 +3.53301942E+01 +2.48457592E+01
+7.44355230E+00 +1.95980517E+01 +3.12960382E+02 +1.07030584E+01 +3.55421632E+01 +2.50183285E+01
+7.45991244E+00 +1.98493075E+01 +3.17265053E+02 +1.08160256E+01 +3.57527837E+01 +2.51898017E+01
+7.47604072E+00 +2.01005632E+01 +3.21571667E+02 +1.09286311E+01 +3.59620918E+01 +2.53601920E+01
+7.49193370E+00 +2.03518190E+01 +3.25880016E+02 +1.10408990E+01 +3.61701210E+01 +2.55295130E+01
+7.50760325E+00 +2.06030747E+01 +3.30190172E+02 +1.11528443E+01 +3.63768884E+01 +2.56977887E+01
+7.52305353E+00 +2.08543304E+01 +3.34502078E+02 +1.12644939E+01 +3.65824182E+01 +2.58650373E+01
+7.53828553E+00 +2.11055862E+01 +3.38815620E+02 +1.13758727E+01 +3.67867367E+01 +2.60312742E+01
+7.55330074E+00 +2.13568419E+01 +3.43130697E+02 +1.14870025E+01 +3.69898689E+01 +2.61965148E+01
+7.56810109E+00 +2.16080977E+01 +3.47447216E+02 +1.15979028E+01 +3.71918387E+01 +2.63607744E+01
+7.58268885E+00 +2.18593534E+01 +3.51765095E+02 +1.17085911E+01 +3.73926687E+01 +2.65240680E+01
+7.59706653E+00 +2.21106092E+01 +3.56084257E+02 +1.18190829E+01 +3.75923808E+01 +2.66864105E+01
+7.61123687E+00 +2.23618649E+01 +3.60404635E+02 +1.19293925E+01 +3.77909958E+01 +2.68478167E+01
+7.62520276E+00 +2.26131207E+01 +3.64726166E+02 +1.20395325E+01 +3.79885336E+01 +2.70083010E+01
+7.63896726E+00 +2.28643764E+01 +3.69048790E+02 +1.21495147E+01 +3.81850134E+01 +2.71678775E+01
+7.65253347E+00 +2.31156322E+01 +3.73372456E+02 +1.22593498E+01 +3.83804538E+01 +2.73265603E+01
+7.66590458E+00 +2.33668879E+01 +3.77697115E+02 +1.23690473E+01 +3.85748726E+01 +2.74843631E+01
+7.67908384E+00 +2.36181437E+01 +3.82022721E+02 +1.24786164E+01 +3.87682871E+01 +2.76412993E+01
+7.69207456E+00 +2.38693994E+01 +3.86349227E+02 +1.25880649E+01 +3.89607137E+01 +2.77973821E+01
+7.70487989E+00 +2.41206552E+01 +3.90676607E+02 +1.26974008E+01 +3.91521688E+01 +2.79526243E+01
+7.71750323E+00 +2.43719109E+01 +3.95004818E+02 +1.28066308E+01 +3.93426678E+01 +2.81070387E+01
+7.72994789E+00 +2.46231667E+01 +3.99333827E+02 +1.29157611E+01 +3.95322257E+01 +2.82606377E+01
+7.74221722E+00 +2.48744225E+01 +4.03663605E+02 +1.30247974E+01 +3.97208571E+01 +2.84134334E+01
+7.75431496E+00 +2.51256782E+01 +4.07994134E+02 +1.31337440E+01 +3.99085757E+01 +2.85654381E+01
+7.76625029E+00 +2.53769340E+01 +4.12325514E+02 +1.32425905E+01 +4.00953890E+01 +2.87166678E+01
+7.77803010E+00 +2.56281898E+01 +4.16657807E+02 +1.33513347E+01 +4.02813068E+01 +2.88671367E+01
+7.78965029E+00 +2.58794455E+01 +4.20990811E+02 +1.34600012E+01 +4.04663492E+01 +2.90168505E+01
+7.80111370E+00 +2.61307013E+01 +4.25324537E+02 +1.35685953E+01 +4.06505294E+01 +2.91658201E+01
+7.81242347E+00 +2.63819570E+01 +4.29658951E+02 +1.36771208E+01 +4.08338594E+01 +2.93140562E+01
+7.82358261E+00 +2.66332128E+01 +4.33994037E+02 +1.37855816E+01 +4.10163512E+01 +2.94615692E+01
+7.83459402E+00 +2.68844686E+01 +4.38329777E+02 +1.38939813E+01 +4.11980166E+01 +2.96083693E+01
+7.84546063E+00 +2.71357243E+01 +4.42666146E+02 +1.40023232E+01 +4.13788668E+01 +2.97544666E+01
+7.85618509E+00 +2.73869801E+01 +4.47003143E+02 +1.41106106E+01 +4.15589131E+01 +2.98998707E+01
+7.86677026E+00 +2.76382359E+01 +4.51340738E+02 +1.42188463E+01 +4.17381663E+01 +3.00445913E+01
+7.87721867E+00 +2.78894916E+01 +4.55678930E+02 +1.43270333E+01 +4.19166372E+01 +3.01886376E+01
+7.88753303E+00 +2.81407474E+01 +4.60017694E+02 +1.44351740E+01 +4.20943359E+01 +3.03320189E+01
+7.89771586E+00 +2.83920032E+01 +4.64357017E+02 +1.45432707E+01 +4.22712726E+01 +3.04747440E+01
+7.90776958E+00 +2.86432590E+01 +4.68696893E+02 +1.46513260E+01 +4.24474574E+01 +3.06168217E+01
+7.91769677E+00 +2.88945174E+01 +4.73037350E+02 +1.47593430E+01 +4.26229017E+01 +3.07582620E+01
+7.92749959E+00 +2.91457730E+01 +4.77378278E+02 +1.48673213E+01 +4.27976111E+01 +3.08990702E+01
+7.93718042E+00 +2.93970287E+01 +4.81719721E+02 +1.49752641E+01 +4.29715970E+01 +3.10392561E+01
+7.94674156E+00 +2.96482843E+01 +4.86061662E+02 +1.50831731E+01 +4.31448683E+01 +3.11788278E+01
+7.95618721E+00 +2.98995400E+01 +4.90404140E+02 +1.51910382E+01 +4.33174319E+01 +3.13177947E+01
+7.96557240E+00 +3.01507957E+01 +4.94748404E+02 +1.52985431E+01 +4.34892412E+01 +3.14562043E+01
+7.97491419E+00 +3.04020514E+01 +4.99094821E+02 +1.54055631E+01 +4.36602889E+01 +3.15940757E+01
+7.98420481E+00 +3.06533072E+01 +5.03443175E+02 +1.55121213E+01 +4.38305933E+01 +3.17314091E+01
+7.99343804E+00 +3.09045629E+01 +5.07793281E+02 +1.56182397E+01 +4.40001711E+01 +3.18682058E+01
+8.00260884E+00 +3.11558185E+01 +5.12144984E+02 +1.57239391E+01 +4.41690373E+01 +3.20044676E+01
+8.01171319E+00 +3.14070742E+01 +5.16498149E+02 +1.58292393E+01 +4.43372059E+01 +3.21401972E+01
+8.02074782E+00 +3.16583299E+01 +5.20852668E+02 +1.59341591E+01 +4.45046899E+01 +3.22753976E+01
+8.02971036E+00 +3.19095856E+01 +5.25208418E+02 +1.60387160E+01 +4.46715009E+01 +3.24100723E+01
+8.03859875E+00 +3.21608413E+01 +5.29565321E+02 +1.61429267E+01 +4.48376504E+01 +3.25442252E+01
+8.04741143E+00 +3.24120970E+01 +5.33923296E+02 +1.62468072E+01 +4.50031490E+01 +3.26778602E+01
+8.05614711E+00 +3.26633527E+01 +5.38282270E+02 +1.63503707E+01 +4.51680069E+01 +3.28109813E+01
+8.06480504E+00 +3.29146084E+01 +5.42642181E+02 +1.64536310E+01 +4.53322334E+01 +3.29435929E+01
+8.07338470E+00 +3.31658641E+01 +5.47002976E+02 +1.65566020E+01 +4.54958377E+01 +3.30756996E+01
+8.08188578E+00 +3.34171198E+01 +5.51364604E+02 +1.66592969E+01 +4.56588284E+01 +3.32073058E+01
+8.09030824E+00 +3.36683755E+01 +5.55727012E+02 +1.67617277E+01 +4.58212138E+01 +3.33384162E+01
+8.09865199E+00 +3.39196311E+01 +5.60090178E+02 +1.68639066E+01 +4.59830019E+01 +3.34690353E+01
+8.10691728E+00 +3.41708868E+01 +5.64454054E+02 +1.69658442E+01 +4.61442003E+01 +3.35991678E+01
+8.11510442E+00 +3.44221425E+01 +5.68818610E+02 +1.70675510E+01 +4.63048165E+01 +3.37288184E+01
+8.12321377E+00 +3.46733982E+01 +5.73183815E+02 +1.71690367E+01 +4.64648577E+01 +3.38579917E+01
+8.13124585E+00 +3.49246540E+01 +5.77549640E+02 +1.72703105E+01 +4.66243307E+01 +3.39866923E+01
+8.13920116E+00 +3.51759097E+01 +5.81916062E+02 +1.73713812E+01 +4.67832425E+01 +3.41149248E+01
+8.14708032E+00 +3.54271654E+01 +5.86283056E+02 +1.74722573E+01 +4.69415994E+01 +3.42426939E+01
+8.15488398E+00 +3.56784211E+01 +5.90650600E+02 +1.75729464E+01 +4.70994079E+01 +3.43700039E+01
+8.16261283E+00 +3.59296768E+01 +5.95018675E+02 +1.76734562E+01 +4.72566742E+01 +3.44968596E+01
+8.17026760E+00 +3.61809325E+01 +5.99387263E+02 +1.77737937E+01 +4.74134043E+01 +3.46232652E+01
+8.17784902E+00 +3.64321882E+01 +6.03756345E+02 +1.78739657E+01 +4.75696041E+01 +3.47492253E+01
+8.18535787E+00 +3.66834439E+01 +6.08125906E+02 +1.79739787E+01 +4.77252794E+01 +3.48747442E+01
+8.19279504E+00 +3.69347031E+01 +6.12495990E+02 +1.80738400E+01 +4.78804378E+01 +3.49998278E+01
+8.20016110E+00 +3.71859577E+01 +6.16866444E+02 +1.81735523E+01 +4.80350801E+01 +3.51244766E+01
+8.20745699E+00 +3.74372123E+01 +6.21237336E+02 +1.82731230E+01 +4.81892143E+01 +3.52486970E+01
+8.21468357E+00 +3.76884687E+01 +6.25608684E+02 +1.83725582E+01 +4.83428469E+01 +3.53724941E+01
+8.22184157E+00 +3.79397229E+01 +6.29980406E+02 +1.84718611E+01 +4.84959806E+01 +3.54958699E+01
+8.22893190E+00 +3.81909787E+01 +6.34352556E+02 +1.85710383E+01 +4.86486226E+01 +3.56188304E+01
+8.23595536E+00 +3.84422345E+01 +6.38725098E+02 +1.86700935E+01 +4.88007770E+01 +3.57413789E+01
+8.24291276E+00 +3.86934902E+01 +6.43098021E+02 +1.87690312E+01 +4.89524486E+01 +3.58635192E+01
+8.24980493E+00 +3.89447460E+01 +6.47471316E+02 +1.88678556E+01 +4.91036422E+01 +3.59852553E+01
+8.25663269E+00 +3.91960018E+01 +6.51844974E+02 +1.89665707E+01 +4.92543624E+01 +3.61065910E+01
+8.26339685E+00 +3.94472576E+01 +6.56218987E+02 +1.90651803E+01 +4.94046139E+01 +3.62275302E+01
+8.27009822E+00 +3.96985133E+01 +6.60593347E+02 +1.91636881E+01 +4.95544012E+01 +3.63480764E+01
+8.27673761E+00 +3.99497691E+01 +6.64968046E+02 +1.92620975E+01 +4.97037286E+01 +3.64682335E+01
+8.28331580E+00 +4.02010249E+01 +6.69343077E+02 +1.93604119E+01 +4.98526005E+01 +3.65880051E+01
+8.28983359E+00 +4.04522807E+01 +6.73718433E+02 +1.94586346E+01 +5.00010212E+01 +3.67073948E+01
+8.29629175E+00 +4.07035364E+01 +6.78094108E+02 +1.95567686E+01 +5.01489948E+01 +3.68264060E+01
+8.30269106E+00 +4.09547922E+01 +6.82470094E+02 +1.96548169E+01 +5.02965256E+01 +3.69450423E+01
+8.30903228E+00 +4.12060480E+01 +6.86846386E+02 +1.97527823E+01 +5.04436174E+01 +3.70633071E+01
+8.31531615E+00 +4.14573037E+01 +6.91222978E+02 +1.98506674E+01 +5.05902745E+01 +3.71812038E+01
+8.32154343E+00 +4.17085595E+01 +6.95599865E+02 +1.99484750E+01 +5.07365005E+01 +3.72987358E+01
+8.32771488E+00 +4.19598153E+01 +6.99977041E+02 +2.00462077E+01 +5.08822995E+01 +3.74159063E+01
+8.33383181E+00 +4.22110711E+01 +7.04354507E+02 +2.01438696E+01 +5.10276744E+01 +3.75327191E+01
+8.33989451E+00 +4.24623268E+01 +7.08732271E+02 +2.02414618E+01 +5.11726297E+01 +3.76491770E+01
+8.34590371E+00 +4.27135826E+01 +7.13110315E+02 +2.03389862E+01 +5.13171688E+01 +3.77652832E+01
+8.35186007E+00 +4.29648384E+01 +7.17488634E+02 +2.04364448E+01 +5.14612954E+01 +3.78810408E+01
+8.35776424E+00 +4.32160942E+01 +7.21867222E+02 +2.05338397E+01 +5.16050133E+01 +3.79964528E+01
+8.36361686E+00 +4.34673499E+01 +7.26246075E+02 +2.06311728E+01 +5.17483258E+01 +3.81115223E+01
+8.36941856E+00 +4.37186057E+01 +7.30625186E+02 +2.07284460E+01 +5.18912366E+01 +3.82262522E+01
+8.37516996E+00 +4.39698615E+01 +7.35004551E+02 +2.08256610E+01 +5.20337490E+01 +3.83406453E+01
+8.38087172E+00 +4.42211214E+01 +7.39384245E+02 +2.09228214E+01 +5.21758689E+01 +3.84547065E+01
+8.38652436E+00 +4.44723771E+01 +7.43764100E+02 +2.10199253E+01 +5.23175948E+01 +3.85684348E+01
+8.39212852E+00 +4.47236328E+01 +7.48144195E+02 +2.11169760E+01 +5.24589323E+01 +3.86818349E+01
+8.39768478E+00 +4.49748885E+01 +7.52524525E+02 +2.12139750E+01 +5.25998848E+01 +3.87949096E+01
+8.40319374E+00 +4.52261442E+01 +7.56905084E+02 +2.13109240E+01 +5.27404555E+01 +3.89076616E+01
+8.40865604E+00 +4.54773999E+01 +7.61285859E+02 +2.14078240E+01 +5.28806474E+01 +3.90200936E+01
+8.41407208E+00 +4.57286557E+01 +7.65666867E+02 +2.15046769E+01 +5.30204639E+01 +3.91322082E+01
+8.41944252E+00 +4.59799114E+01 +7.70048091E+02 +2.16014838E+01 +5.31599078E+01 +3.92440080E+01
+8.42476788E+00 +4.62311671E+01 +7.74429530E+02 +2.16982460E+01 +5.32989822E+01 +3.93554957E+01
+8.43004872E+00 +4.64824228E+01 +7.78811178E+02 +2.17949648E+01 +5.34376901E+01 +3.94666738E+01
+8.43528556E+00 +4.67336785E+01 +7.83193032E+02 +2.18916412E+01 +5.35760345E+01 +3.95775447E+01
+8.44047893E+00 +4.69849342E+01 +7.87575088E+02 +2.19882766E+01 +5.37140182E+01 +3.96881111E+01
+8.44562934E+00 +4.72361899E+01 +7.91957343E+02 +2.20848719E+01 +5.38516441E+01 +3.97983752E+01
+8.45073731E+00 +4.74874457E+01 +7.96339792E+02 +2.21814283E+01 +5.39889151E+01 +3.99083396E+01
+8.45580334E+00 +4.77387014E+01 +8.00722434E+02 +2.22779468E+01 +5.41258339E+01 +4.00180066E+01
+8.46082792E+00 +4.79899571E+01 +8.05105264E+02 +2.23744283E+01 +5.42624032E+01 +4.01273786E+01
+8.46581153E+00 +4.82412128E+01 +8.09488278E+02 +2.24708740E+01 +5.43986258E+01 +4.02364578E+01
+8.47075466E+00 +4.84924685E+01 +8.13871474E+02 +2.25672847E+01 +5.45345043E+01 +4.03452467E+01
+8.47565778E+00 +4.87437243E+01 +8.18254849E+02 +2.26636613E+01 +5.46700415E+01 +4.04537474E+01
+8.48052135E+00 +4.89949800E+01 +8.22638400E+02 +2.27600047E+01 +5.48052398E+01 +4.05619622E+01
+8.48534584E+00 +4.92462357E+01 +8.27022122E+02 +2.28563157E+01 +5.49401019E+01 +4.06698934E+01
+8.49013169E+00 +4.94974914E+01 +8.31406014E+02 +2.29525952E+01 +5.50746304E+01 +4.07775430E+01
+8.49487935E+00 +4.97487472E+01 +8.35790073E+02 +2.30488440E+01 +5.52088276E+01 +4.08849132E+01
+8.49958925E+00 +5.00000029E+01 +8.40174295E+02 +2.31450627E+01 +5.53426962E+01 +4.09920062E+01
